Freq,InputRe,InputIm,OutputRe,OutputIm,Mag,Phase,SmoothMag,SmoothPhase
0,2.347126e+10,0,2.391313e+10,0,34.66689,-180,0,0
5.425347,8.778576e+09,0,9.059987e+09,3.803359e+07,30.07719,172.5435,30.07719,-187.4565
10.85069,1.111636e+09,0,1.317474e+09,-1.860327e+08,13.61695,-145.9305,17.39688,-157.7152
16.27604,5.106041e+08,0,6.4167e+08,-2.185947e+08,8.496494,-139.7584,11.30975,-147.2436
21.70139,2.178675e+08,0,2.049647e+08,-1.877364e+08,3.387857,-128.5563,7.531532,-144.0451
27.12674,1.55206e+08,0,1.060714e+08,-1.813453e+08,0.9702662,-134.516,4.855662,-143.4708
32.55208,1.66662e+08,0,4.66624e+07,-1.999064e+08,-1.106052,-135.8857,2.725159,-144.2875
37.97743,1.669479e+08,0,2309075,-1.763233e+08,-2.721981,-136.2124,0.9548643,-146.1947
43.40278,1.038649e+08,0,-1.944466e+07,-1.015396e+08,-3.778929,-140.3106,-0.6302003,-148.39
48.82813,6.50109e+07,0,-2.047139e+07,-5.021272e+07,-5.240832,-142.6106,-1.998958,-150.5563
54.25347,5.28782e+07,0,-2.12809e+07,-3.388286e+07,-6.182953,-146.6872,-3.183428,-152.7512
59.67882,3.777338e+07,0,-1.532209e+07,-1.782668e+07,-7.541264,-149.2385,-4.297848,-155.5633
65.10416,4.809554e+07,0,-2.081598e+07,-1.714619e+07,-8.409591,-154.4939,-6.490344,-155.7575
70.52951,2.650399e+07,0,-1.145467e+07,-7066505,-9.153918,-158.8748,-7.916928,-158.2768
75.95486,2.609961e+07,0,-9879629,-4762952,-10.39409,-161.8024,-9.144503,-161.1846
81.38021,2.133843e+07,0,-7046487,-2889340,-11.47215,-163.5166,-10.16567,-164.5445
86.80556,2.456816e+07,0,-7809606,-2526116,-11.94655,-166.5367,-11.13284,-167.7777
92.2309,1.49157e+07,0,-4339054,-1312571,-12.58272,-167.0691,-12.07756,-171.3017
97.65625,2.543501e+07,0,-7020026,-1525771,-13.108,-170.4293,-12.96216,-174.8096
103.0816,2.028905e+07,0,-5426443,-924816.7,-13.39486,-172.3878,-13.82018,-178.2729
108.5069,1.07964e+07,0,-2452140,33719.71,-14.65166,179.358,-14.66031,-181.7917
113.9323,9959314,0,-2110327,175151.8,-15.11799,176.0869,-15.50513,-185.1848
119.3576,1.176324e+07,0,-2153007,524580.8,-15.96524,168.4655,-16.3742,-188.4289
124.783,1.232741e+07,0,-2030037,825430.8,-16.3413,161.1633,-17.22121,-191.1301
130.2083,9304019,0,-1330287,592598.5,-17.28258,159.1781,-18.01563,-193.2177
135.6337,9774379,0,-1286086,513681.4,-18.0566,160.8866,-18.75209,-194.974
141.059,7594378,0,-823805.8,384665.1,-19.34035,157.5867,-19.53313,-196.7529
146.4844,7845351,0,-641545.4,411330.9,-20.9451,150.1085,-20.3197,-198.987
151.9097,6739023,0,-528179.3,336895.2,-21.29859,150.1228,-21.15028,-201.3922
157.3351,5713719,0,-404068.3,291048.7,-21.79753,146.9587,-21.89375,-203.4063
162.7604,6722763,0,-396848.6,322495.6,-22.88344,143.4948,-22.61959,-204.4769
168.1858,4558095,0,-232760.2,197395.3,-23.92416,142.0594,-23.24119,-205.2817
173.6111,4534653,0,-187900.2,153387.9,-25.79181,142.6346,-23.78714,-206.2632
179.0365,5725143,0,-246187.1,158276.2,-26.19672,148.781,-24.34155,-206.1588
184.4618,6076175,0,-297659.3,131910.9,-25.83675,157.2846,-24.90611,-205.3545
189.8871,6868237,0,-346074.6,123678.6,-25.85978,161.3165,-25.40516,-204.5277
195.3125,4924775,0,-192013.5,76534.45,-27.87393,159.1253,-25.83708,-204.1377
200.7379,4155989,0,-133130.9,92124.84,-28.46456,146.5477,-26.2177,-203.2804
206.1632,2518634,0,-63547.7,50927.61,-30.02502,142.4209,-26.51385,-202.2938
211.5885,3144644,0,-98660.95,66286.64,-28.72079,147.2752,-26.7876,-202.1977
217.0139,3787701,0,-140069,38672.55,-28.63746,165.1295,-27.04008,-202.72
222.4392,2742923,0,-111638.2,36882.9,-27.70535,162.4578,-27.20329,-202.7846
227.8646,3131767,0,-138126.8,66441.73,-26.58299,155.4756,-27.36396,-202.7248
233.2899,3315151,0,-141909.5,24374.99,-27.60785,170.6577,-27.45179,-203.6433
238.7153,3321088,0,-134396.2,4755.856,-28.19701,178.0522,-27.5867,-204.6506
244.1406,3525829,0,-150098.7,9457.203,-27.76262,176.5422,-27.93833,-206.8822
249.566,2149618,0,-96940.31,19587.38,-27.12681,169.0764,-28.23498,-209.6445
254.9913,1731318,0,-77504.68,6246.545,-27.33329,175.59,-28.33626,-210.9874
260.4167,1894098,0,-85558.61,14458.39,-27.16447,170.8268,-28.40541,-210.8888
265.842,2578606,0,-104168.7,57969.88,-27.04727,152.1419,-28.47123,-210.5553
271.2674,2442641,0,-77592.77,79860,-27.09957,135.99,-28.62613,-210.7276
276.6927,2712902,0,-104999.6,86954.62,-26.31079,142.1379,-28.739,-212.9049
282.118,2299703,0,-80752.95,63579.4,-27.29827,143.3154,-28.85924,-214.2802
287.5434,1555999,0,-34333.22,56440.41,-27.63609,123.3451,-29.0696,-214.899
292.9688,2558746,0,-54317.66,74791.43,-29.02986,127.6287,-29.27585,-217.4566
298.3941,2531984,0,-18343.98,52562.51,-33.2211,110.4194,-29.26342,-219.4249
303.8195,1914527,0,-9881.385,46826.5,-32.08947,103.3097,-29.1962,-221.2829
309.2448,1425358,0,-29282.1,35488.2,-30.00078,130.9243,-29.29018,-223.6102
314.6701,1802398,0,-49964.15,31661.16,-29.91654,148.6177,-29.37442,-226.8771
320.0955,2176757,0,-51157.37,31199.74,-31.40727,149.4242,-29.35304,-229.6302
325.5208,2046594,0,-41910.51,31828.59,-31.97363,143.6586,-29.33834,-231.8694
330.9462,1516971,0,-20315.07,38239.82,-31.0078,119.4046,-29.27586,-233.0262
336.3715,1855084,0,-39250.45,43177.97,-30.2303,133.5778,-29.29587,-235.0062
341.7969,1580542,0,-35638.92,28373.92,-31.00051,142.4807,-29.28789,-237.7051
347.2222,999175.9,0,-11061,23043.91,-31.93915,116.9476,-29.17556,-239.6786
352.6476,577004.9,0,-16876.3,16820.12,-27.93609,136.7178,-29.02564,-241.72
358.0729,991867.3,0,-35342.66,34617.08,-26.35098,137.5244,-28.72585,-243.3242
363.4983,1074528,0,-18259.37,33720.16,-29.10033,120.2028,-28.5783,-244.5604
368.9236,1034087,0,-9504.085,35360.55,-29.10229,106.9849,-28.57737,-247.7747
374.349,957953.8,0,-15778.9,42126.39,-26.71565,113.0112,-28.48512,-251.1708
379.7743,888302.6,0,-8980.001,40359.67,-26.73856,105.1194,-28.19765,-254.8265
385.1996,1193474,0,-20227.71,59040.98,-25.78743,111.6967,-27.95753,-259.0552
390.625,1348911,0,-8650.89,62012.67,-26.73093,100.557,-27.76796,-263.204
396.0504,944288.9,0,4233.755,41186.1,-27.13073,86.63951,-27.62541,-267.3464
401.4757,1089576,0,11385.01,57698.08,-25.27722,81.90096,-27.57112,-272.3788
406.901,1011522,0,7219.532,50577.86,-25.88148,84.75947,-27.36944,-275.8744
412.3264,847099,0,10246.1,36320.2,-26.92563,76.73112,-27.37323,-281.2674
417.7517,524324.6,0,4661.311,17870.55,-28.99095,77.3504,-27.50805,-286.6505
423.1771,701076.9,0,10340.51,19304.1,-29.98108,63.42448,-27.49223,-291.0471
428.6024,826713.4,0,8408.607,31578.52,-27.97943,77.29943,-27.50277,-295.1951
434.0278,889892.6,0,16308.84,44222.88,-25.37047,72.65463,-27.71476,-299.1057
439.4531,950944.5,0,25216.19,33220.54,-26.93111,54.85476,-27.99361,-303.3561
444.8785,1363614,0,50166.04,30102.75,-27.02671,32.27931,-28.59976,-309.1461
450.3038,1027604,0,30743.39,30564.04,-27.23677,46.58854,-29.03163,-313.4941
455.7292,487568.3,0,12398.65,8917.237,-29.86041,36.79919,-29.47379,-315.6063
461.1545,521621.1,0,15507.66,13945.06,-27.70384,43.54134,-29.89027,-318.1036
466.5799,425172.8,0,15049.25,6261.484,-28.01562,23.46523,-30.25363,-321.9521
472.0052,529581.6,0,16332.57,7162.703,-29.18236,24.47957,-30.69124,-327.1626
477.4305,863675.7,0,27182.04,13806.6,-28.76801,27.87302,-30.96504,-332.6353
482.8559,873766.3,0,27321.32,9531.68,-29.32368,19.87769,-31.15791,-336.6308
488.2813,795239.1,0,18578.62,10767.44,-31.16748,30.88918,-31.45097,-341.8919
493.7066,633240.3,0,13997.85,3882.016,-32.59436,15.85943,-32.02489,-348.6992
499.132,457639.8,0,5288.017,-911.324,-38.51658,-9.893597,-32.25182,-355.3141
504.5573,431761.4,0,6805.127,1090.245,-35.80013,9.248964,-32.76123,-359.2789
509.9826,587808.4,0,6555.9,5842.862,-36.41613,42.28454,-33.07349,-363.957
515.408,746781.1,0,12786.74,7060.494,-34.0233,29.45743,-33.19316,-364.8652
520.8333,500215.8,0,10316.22,696.0908,-33.51201,3.941612,-33.32839,-363.9595
526.2587,631273.4,0,8244.323,-5194.418,-36.11548,-32.69108,-34.37127,-359.1489
531.684,890836.3,0,12856.8,-9669.055,-34.74078,-37.57624,-35.00879,-367.7266
537.1094,763643.1,0,13997.03,-5119.358,-34.03136,-20.48106,-35.6732,-369.1217
542.5347,454655.1,0,7405.168,-4731.882,-34.13379,-33.18463,-35.80474,-373.1418
547.9601,401056.2,0,1874.433,-5033.464,-37.42276,-70.29739,-35.94194,-379.2921
553.3854,460285.4,0,1541.33,-11836.62,-31.69672,-84.05889,-36.13886,-378.2251
558.8108,288634.3,0,2371.07,-2866.75,-37.72431,-50.97984,-36.08256,-376.2189
564.2361,340637.8,0,4348.039,-5321.05,-33.79419,-51.6529,-36.55803,-374.7662
569.6614,651000.3,0,14618.8,4558.278,-32.37338,17.72836,-36.469,-376.967
575.0868,369768.6,0,5239.411,9479.984,-30.5438,62.56109,-36.5107,-381.175
580.5121,470989.4,0,-849.7653,1244.042,-49.91615,124.4868,-36.4678,-385.3469
585.9375,395124,0,-2692.231,-1228.305,-42.57022,-155.6525,-36.36414,-382.8374
591.3629,450610.8,0,3269.432,-80.62036,-42.7207,-1.422886,-36.51791,-382.4267
596.7882,202587.6,0,2241.752,-4451.59,-32.08587,-64.54375,-36.35225,-384.9026
602.2136,253284.7,0,-626.1891,-4999.723,-34.0488,-98.26688,-36.40844,-382.8187
607.6389,415044.2,0,4727.59,3660.961,-36.72963,38.26476,-36.3404,-380.227
613.0642,674217.6,0,7697.515,4777.473,-37.33433,32.23654,-36.46038,-378.7109
618.4896,594460.9,0,2344.988,1937.765,-45.78493,39.7559,-36.31811,-377.848
623.9149,387640.6,0,7113.351,-479.9155,-34.54652,-3.931978,-36.25991,-380.8189
629.3403,431691.3,0,4073.323,-6527.298,-34.89909,-58.90852,-36.32904,-387.2948
634.7656,321560.2,0,1000.549,-7440.193,-32.61099,-83.67047,-36.77242,-398.1542
640.191,339238.1,0,6301.712,2246.737,-33.93858,20.00921,-36.15318,-395.7139
645.6163,346134.1,0,3796.79,-2070.546,-37.97018,-28.95199,-35.82793,-393.7999
651.0417,443326.2,0,4271.692,-12313.82,-30.55242,-72.47473,-35.36364,-399.3304
656.467,508042,0,8428.57,1547.008,-35.31375,10.57791,-35.43245,-403.2396
661.8923,578151.6,0,8697.709,-2432.93,-35.99398,-15.8722,-35.35884,-406.692
667.3177,561426.6,0,6743.199,-8431.727,-34.21624,-52.22012,-35.23307,-399.983
672.743,358740.1,0,5473.841,-3460.32,-34.73651,-32.86047,-35.11846,-409.1516
678.1684,249654.3,0,-2296.591,-5463.645,-32.57211,-114.0413,-34.43983,-418.0649
683.5938,322635.3,0,-3034.012,-5896.36,-33.82517,-118.2656,-34.34039,-424.8053
689.0191,454535.6,0,-4515.92,-1181.515,-39.85478,-165.4856,-34.25967,-430.015
694.4445,293640.3,0,-4238.366,320.72,-36.91203,175.7343,-34.20414,-433.4122
699.8698,195799.9,0,-1340.707,-2927.383,-35.73992,-115.458,-34.6991,-441.665
705.2952,360479.2,0,-3639.112,-7326.947,-32.97058,-117.5652,-34.54428,-446.9159
710.7205,377848.3,0,-6711.526,-4533.502,-33.53103,-146.6372,-34.99855,-451.6275
716.1458,196647.5,0,-4708.43,-784.3333,-32.50296,-170.7657,-35.09946,-458.5484
721.5712,203107.5,0,-4091.838,61.6853,-34.08841,179.1534,-34.91232,-462.7786
726.9965,463728.5,0,-7945.587,-2899.261,-34.92763,-160.3057,-35.2794,-462.3312
732.4219,406082.6,0,-9188.327,-6062.013,-31.53348,-147.4214,-35.16138,-460.3147
737.8472,237985.7,0,-4719.739,-3342.807,-32.45842,-145.4806,-35.53825,-449.5226
743.2726,195704.1,0,-4278.449,-905.3834,-33.20395,-168.311,-35.45133,-436.0192
748.6979,286711.9,0,-7092.204,-3405.866,-31.44489,-155.0126,-35.68045,-431.9371
754.1233,326250.1,0,-1777.104,-899.9214,-44.33256,-153.2996,-35.65006,-438.8983
759.5486,175012,0,-2442.225,-2158.887,-34.71897,-139.2209,-35.5177,-428.3705
764.9739,217386.7,0,-2147.385,-327.341,-40.09209,-171.4182,-36.21027,-430.1247
770.3993,218077.4,0,-2062.937,-2120.705,-37.43278,-134.7608,-36.65647,-415.9316
775.8246,162898.6,0,-941.1946,-3976.583,-32.06402,-104.7063,-37.22736,-407.5824
781.25,159838.7,0,938.4498,-860.3724,-41.92498,-42.82488,-37.34829,-407.6449
786.6754,217686.5,0,5115.697,834.2094,-32.25806,9.48647,-37.96965,-402.9286
792.1007,227618.5,0,-812.3419,2001.407,-40.48642,112.5935,-38.11971,-403.1042
797.5261,201248.3,0,-5002.839,1346.961,-31.99985,165.3052,-37.98172,-402.0146
802.9514,129130.8,0,138.2301,-741.0231,-44.66625,-79.76266,-37.84021,-400.1499
808.3767,186959.4,0,2475.061,1378.775,-36.27393,29.54893,-38.2017,-399.4903
813.8021,190357.4,0,-1069.392,4171.247,-32.96034,105.6276,-37.91135,-399.6757
819.2274,155621.1,0,-592.5817,-285.1894,-47.51468,-154.4047,-37.64423,-396.6903
824.6528,179964.7,0,-1136.603,624.3258,-42.90113,151.4179,-37.14939,-390.8198
830.0781,163135.4,0,963.8688,76.53934,-44.49184,4.567284,-37.63929,-379.8664
835.5035,304551,0,-4554.037,174.2107,-36.62784,177.8416,-38.34595,-376.61
840.9288,309844.4,0,597.2617,-1080.417,-47.97625,-61.26606,-37.97146,-377.2903
846.3542,76673.91,0,-1251.815,-705.7144,-34.68462,-151.1066,-37.8271,-382.4571
851.7795,129740.5,0,-2259.957,-3766.572,-29.56071,-122.5984,-37.65683,-394.4963
857.2048,220497.1,0,-4238.157,-5472.021,-30.23219,-129.1531,-37.61606,-394.5597
862.6302,352220.8,0,-3074.679,-2511.437,-39.03619,-141.1626,-37.23995,-385.3338
868.0555,217371.3,0,-2478.21,-1056.112,-38.2351,-157.1935,-37.00451,-382.2529
873.4809,245142.3,0,2262.404,-8208.362,-29.10967,-76.52625,-36.76407,-394.8841
878.9063,281398.1,0,6172.012,-6565.984,-29.70039,-48.13816,-36.59671,-380.1554
884.3316,271989.5,0,-97.99561,1114.316,-47.72062,95.26044,-36.1396,-387.4182
889.757,364880.5,0,1325.586,-969.0422,-46.90388,-36.32062,-35.28367,-387.9223
895.1823,202915.9,0,2214.258,-3303.726,-34.06081,-57.11186,-35.13422,-397.4751
900.6077,122337.9,0,-521.5386,-4217.393,-29.22649,-99.01564,-34.62958,-398.0612
906.033,182640.1,0,-2009.998,-1704.42,-36.91055,-140.2319,-35.08299,-388.5211
911.4583,166404.3,0,-4544.403,1344.018,-31.14388,163.9747,-35.56783,-382.7255
916.8837,193344.9,0,-1112.183,2592.946,-36.76794,113.9797,-36.00363,-380.7724
922.309,190108,0,-243.0846,5161.241,-31.32959,94.24969,-35.80819,-376.5939
927.7344,151302.6,0,-5895.138,-2287.089,-27.91105,-159.6292,-35.7785,-369.5338
933.1597,235195.7,0,-1349.832,636.7834,-44.00007,154.8986,-35.91756,-362.5753
938.5851,196884.3,0,4166.29,-78.32318,-33.30193,-1.100277,-36.31874,-356.5391
944.0104,159153.6,0,7142.13,-719.0875,-26.51727,-6.020342,-35.73677,-362.6009
949.4358,279767.5,0,5372.115,-2203.954,-33.48932,-22.76648,-34.99926,-366.2486
954.8611,264504.3,0,1051.597,-3404.093,-37.37889,-73.57324,-35.50293,-368.7799
960.2864,257412.5,0,1037.008,1191.624,-44.2063,49.23495,-36.1055,-369.6037
965.7118,317074.6,0,3232.583,-49.67892,-39.7422,-0.8895321,-35.84887,-366.3439
971.1371,264499.8,0,122.5726,-2835.589,-39.38401,-88.13935,-36.02041,-378.2018
976.5625,210445.8,0,2266.594,-2964.283,-34.93186,-53.413,-35.83936,-388.9279
981.9879,111520.5,0,1432.183,-222.1177,-37.61165,-8.931389,-36.05051,-397.6169
987.4132,127459.5,0,1170.76,2937.368,-32.03016,69.60143,-36.5788,-392.0582
992.8386,190150.3,0,492.2838,2301.645,-38.12503,78.62257,-35.88483,-399.6536
998.2639,145072.7,0,2046.744,-1255.969,-35.49942,-32.03818,-35.55882,-398.6086
1003.689,122616,0,-1219.139,-3096.591,-31.41609,-112.9222,-35.71863,-395.3541
1009.115,224092,0,-449.2543,-1237.453,-44.63777,-110.2691,-35.62724,-389.6998
1014.54,159593.1,0,-563.4117,-1160.279,-41.88042,-116.3155,-35.45814,-383.2933
1019.965,156088.3,0,1381.712,-3868.102,-31.52139,-71.77518,-34.7987,-381.2822
1025.391,103185.3,0,197.2109,-1875.672,-34.7463,-85.04127,-34.73675,-381.1047
1030.816,208269.9,0,-1618.352,-4432.063,-32.96601,-111.2692,-34.06112,-377.291
1036.241,254394.8,0,196.0162,-4135.845,-35.76359,-88.21865,-33.66444,-373.8263
1041.667,130470.7,0,1070.468,-979.6234,-39.00526,-42.89649,-33.29247,-370.4262
1047.092,116651.5,0,3800.685,-296.0757,-29.42661,-4.604702,-33.26009,-371.2661
1052.517,125421.6,0,5368.651,1945.001,-26.45569,20.84305,-32.93464,-371.3798
1057.943,133112,0,2057.407,3669.393,-29.87336,62.3247,-33.03868,-376.994
1063.368,111105.7,0,-228.9047,2930.606,-31.57005,95.97403,-33.74386,-369.6703
1068.793,90877.09,0,916.8665,1585.083,-33.82785,60.96287,-33.27317,-362.8657
1074.219,175931,0,25.3457,5340.353,-30.3581,91.467,-33.1027,-363.7496
1079.644,85271.87,0,1007.084,49.32019,-38.44121,2.837257,-33.38615,-364.9805
1085.069,94514.1,0,4884.357,-654.5811,-25.19582,-8.051494,-33.37417,-360.798
1090.495,161560.9,0,6861.697,2295.372,-26.60142,19.34617,-33.55097,-355.9456
1095.92,76435.77,0,1186.449,2127.396,-29.80043,62.47096,-33.58349,-355.3092
1101.345,84969.79,0,1430.771,1751.896,-31.35018,51.96289,-33.55142,-361.3343
1106.771,164648.3,0,1174.029,4299.914,-31.29054,76.23517,-33.51631,-366.2099
1112.196,184534,0,-2100.648,-1234.606,-37.68438,-149.9351,-33.8462,-368.6265
1117.622,184813.6,0,681.8431,586.3319,-46.22477,40.8754,-33.96833,-375.4881
1123.047,122176.6,0,1865.303,1168.74,-34.75333,32.62654,-33.68044,-384.8851
1128.472,151079.7,0,-1296.088,-1324.489,-38.3005,-134.8771,-33.40878,-392.0519
1133.898,128091.4,0,-205.0861,-1703.891,-37.47376,-97.6242,-33.37035,-401.1486
1139.323,147114.5,0,2718.455,130.0317,-34.49474,2.790133,-33.10405,-405.9958
1144.748,120127.7,0,1713.196,-278.4544,-36.67874,-9.366574,-33.94738,-398.3697
1150.174,139626.9,0,576.1204,-2012.731,-36.44666,-74.85614,-35.00666,-406.7772
1155.599,130994,0,-1578.49,-298.449,-38.33171,-169.4223,-35.30695,-401.9364
1161.024,137189.2,0,-1315.328,-4923.842,-28.68933,-106.9925,-35.71396,-407.7411
1166.45,91126.12,0,1671.062,-937.9401,-33.38334,-29.90552,-35.67787,-418.9632
1171.875,121327,0,480.4621,-2846.757,-32.43811,-81.76962,-35.43523,-417.5952
1177.3,146335.7,0,-1136.666,-7734.818,-25.52435,-101.3624,-34.91826,-426.1841
1182.726,135719,0,251.2372,-5315.435,-28.12293,-89.54089,-34.81319,-419.2188
1188.151,104548.3,0,-467.0865,-3467.621,-29.55107,-99.56276,-34.33135,-407.0714
1193.576,120738.8,0,-367.8417,-2734.854,-32.84903,-98.95403,-33.88206,-399.476
1199.002,166917.4,0,-1060.51,566.1945,-42.90564,152.0959,-33.75886,-398.9654
1204.427,144100.3,0,-481.0999,-202.931,-48.84639,-157.2101,-33.45293,-397.0849
1209.852,152036.7,0,-2321.584,671.1252,-36.10643,164.1255,-33.10011,-398.8036
1215.278,98109.48,0,348.1869,-925.9772,-39.89738,-69.93536,-32.54837,-397.3102
1220.703,75089.55,0,-2141.855,-830.2568,-30.53262,-159.4279,-32.66548,-398.007
1226.128,109530,0,-1302.73,-2252.432,-32.58891,-121.2079,-32.93261,-399.1552
1231.554,94817.14,0,-1232.764,-1077.337,-35.36855,-139.4918,-32.91824,-393.2817
1236.979,98907.75,0,-2388.704,47.07765,-32.54696,178.8976,-33.07973,-388.134
1242.405,69063.55,0,-1299.182,2417.833,-28.18184,120.2187,-33.0599,-386.3727
1247.83,58592.39,0,1142.136,1971.379,-28.0386,61.87907,-33.57841,-383.5549
1253.255,103710.4,0,2501.794,586.0183,-31.90748,13.51499,-33.68753,-386.1965
1258.681,91216.12,0,2380.322,1333.74,-30.25421,30.1229,-33.50578,-390.502
1264.106,78205.31,0,-912.0742,-2643.779,-29.03741,-110.9477,-32.43174,-379.0877
1269.531,78109.41,0,-2685.445,-2571.817,-26.74515,-138.0614,-31.89053,-383.5416
1274.957,78208.46,0,-1107.489,-1898.713,-31.14875,-121.6256,-31.37045,-373.486
1280.382,78660.99,0,521.937,-705.3673,-38.99303,-54.01759,-31.50381,-359.1978
1285.807,202123,0,3722.626,3196.433,-32.13629,41.57405,-31.70374,-356.979
1291.233,163045.5,0,5604.365,639.1251,-28.91579,6.738525,-31.50816,-352.331
1296.658,69182.84,0,1758.462,-2150.438,-27.70651,-52.55312,-31.41352,-358.8932
1302.083,104248.1,0,753.259,-632.9392,-40.43973,-40.38964,-31.55331,-364.0263
1307.509,171417.6,0,-2738.621,-1336.476,-35.14065,-154.4268,-31.68151,-364.7384
1312.934,118293.5,0,631.0964,1144.358,-39.0887,61.68113,-31.70591,-360.1875
1318.359,98471.55,0,842.5109,4661.363,-26.2916,82.48832,-31.79439,-353.1198
1323.785,64813.36,0,1406.235,3399.425,-24.7411,70.5955,-32.4118,-351.4798
1329.21,63219.58,0,-1769.724,1489.242,-28.97577,141.2318,-32.88134,-345.7449
1334.635,66072.93,0,-1106.06,933.7607,-33.33309,140.6245,-33.08688,-339.3807
1340.061,140733.7,0,565.5009,-1948.778,-36.78746,-74.61474,-32.34859,-339.2319
1345.486,79710.65,0,1615.655,-1397.427,-31.26121,-41.88262,-32.04549,-343.6392
1350.911,72665.56,0,1614.103,1354.333,-30.55965,41.09074,-32.79433,-338.5531
1356.337,134039.6,0,3548.003,759.9554,-31.11731,12.42332,-32.80665,-331.9539
1361.762,115228.3,0,2292.222,2351.521,-30.73076,46.92443,-32.39754,-328.4568
1367.188,59861.44,0,-440.8101,1374.656,-32.41996,109.0854,-32.59115,-344.4086
1372.613,85165.7,0,-2164.727,56.44514,-32.1123,178.5434,-32.2043,-339.4991
1378.038,144966.5,0,276.6922,-1115.143,-42.00294,-76.50662,-33.05032,-335.0261
1383.464,222977.6,0,3101.81,-970.6475,-36.6056,-17.62937,-33.34784,-330.963
1388.889,114424.4,0,1857.168,388.8156,-35.46496,12.02252,-33.47987,-331.831
1394.314,65619.16,0,2813.599,-3129.085,-23.48915,-50.89109,-33.30148,-335.6714
1399.74,77347.84,0,2539.329,-2896.865,-25.77118,-50.98049,-32.8711,-328.7959
1405.165,108803.1,0,-252.1642,587.2769,-44.64134,113.5462,-33.2544,-322.8472
1410.59,105930.8,0,459.0322,4194.119,-27.96506,86.03122,-33.54022,-328.9482
1416.016,108891.5,0,2303.928,1454.673,-31.84846,33.04974,-33.43624,-335.6558
1421.441,86981.69,0,-602.9885,-746.5615,-39.20652,-129.4158,-33.33289,-331.6698
1426.866,102691.4,0,-2876.649,806.2134,-30.96478,164.7814,-33.35487,-334.9213
1432.292,102257.6,0,-643.6581,40.50314,-44.05814,176.4219,-33.16054,-339.8086
1437.717,68524.59,0,-1802.346,831.1895,-30.98882,155.9194,-33.10612,-337.2565
1443.142,85864.86,0,-1184.524,1914.57,-31.74847,123.0046,-32.89138,-340.8489
1448.568,86138.3,0,1473.577,2391.293,-29.5869,59.97539,-32.49173,-346.197
1453.993,66947.07,0,1029.99,2498.99,-27.7495,69.77148,-32.89531,-335.5717
1459.418,61951.03,0,88.30119,663.9258,-39.31054,83.03909,-33.54449,-324.815
1464.844,107442.8,0,106.2392,-1591.259,-36.56177,-87.0297,-33.44135,-336.6676
1470.269,94322.5,0,-2064.953,-2760.741,-28.93372,-128.436,-34.51935,-335.6916
1475.694,50748.03,0,-1220.302,1508.69,-28.56046,130.6305,-34.84882,-343.1008
1481.12,94120.7,0,1609.251,1348.828,-32.8814,40.80409,-34.54427,-340.8894
1486.545,85565.38,0,941.2098,3224.607,-28.03157,75.91055,-34.64914,-349.7899
1491.97,97971.13,0,811.7632,-339.7705,-40.86007,-22.91253,-33.74473,-359.6501
1497.396,97837.13,0,-69.91772,-2432.038,-32.09596,-93.06967,-33.57874,-373.1031
1502.821,32969.11,0,-198.8853,-1457.182,-27.07232,-100.2876,-33.87184,-375.0057
1508.247,64195.58,0,-1644.619,229.9867,-31.96446,172.2394,-33.77,-376.1097
1513.672,92290.99,0,-995.1135,89.60321,-39.40382,174.9098,-33.81603,-376.2679
1519.097,78008.07,0,-417.4227,-416.6429,-42.47556,-135.3579,-33.4286,-375.395
1524.523,57068.31,0,-47.47823,161.6757,-50.60301,106.5278,-33.40897,-370.7565
1529.948,85205.2,0,-523.3541,-838.0668,-38.76729,-122.544,-33.22332,-363.0818
1535.373,107663.3,0,355.4142,-2429.955,-32.81096,-82.97594,-33.1707,-367.3794
1540.799,86241.16,0,1724.961,-685.2557,-33.16711,-22.13042,-33.08056,-365.7574
1546.224,50967.1,0,2371.002,-1318.984,-25.06564,-30.64184,-33.17636,-366.7483
1551.649,44063.05,0,-1081.406,-1567.36,-27.50297,-126.5923,-32.72051,-367.5307
1557.075,65384.95,0,110.9658,823.5513,-37.90354,83.049,-32.46089,-366.9995
1562.5,88804.07,0,2969.57,2109.11,-27.44823,36.7915,-32.6783,-366.8757
1567.925,72683.49,0,1127.751,2370.006,-28.71625,66.44988,-32.81677,-373.9386
1573.351,41308.05,0,-195.4213,1130.111,-31.17453,101.3704,-32.48537,-385.4593
1578.776,61593.23,0,930.0433,167.674,-36.14956,10.37823,-32.1298,-386.4442
1584.201,96761.19,0,4430.922,2670.325,-25.03505,32.73217,-31.29088,-383.1293
1589.627,63611,0,2033.222,1638.117,-27.45535,40.38139,-30.91519,-385.7916
1595.052,52215.3,0,419.7875,1400.698,-30.98858,74.86565,-31.04182,-373.6526
1600.477,45677.27,0,836.5506,1136.74,-30.04336,55.10205,-31.74645,-374.7459
1605.903,36859.88,0,771.5607,-610.9658,-31.2872,-39.3441,-31.65588,-372.1685
1611.328,68221.16,0,585.4358,-3096.033,-26.64393,-81.91313,-31.6648,-364.677
1616.753,92565.2,0,-262.517,-2417.582,-31.63796,-97.68913,-31.34563,-367.4312
1622.179,87092.48,0,1417.817,616.6946,-34.87235,23.91956,-31.95187,-366.1103
1627.604,95318.99,0,924.4508,-2054.976,-32.44447,-67.02607,-32.11337,-361.6538
1633.03,93997.8,0,-1546.045,-700.6711,-35.00856,-156.04,-32.27577,-374.3504
1638.455,68354.77,0,-1564.131,107.973,-32.98579,176.1396,-32.02421,-376.6581
1643.88,64674.65,0,-1902.284,-52.95875,-30.87761,-178.4509,-32.23653,-373.7122
1649.306,76188.05,0,-1291.884,186.0462,-35.47019,171.9427,-31.97032,-369.8606
1654.731,70087.32,0,197.7937,-197.3064,-47.96442,-45.09108,-31.52565,-367.6521
1660.156,45997.73,0,2784.577,1124.742,-23.16372,23.48564,-31.42065,-364.8156
1665.582,101850.3,0,3529.018,2001.626,-27.69033,30.72777,-31.32311,-356.7272
1671.007,129463.5,0,3163.848,1445.585,-31.20088,25.21176,-31.78092,-348.4839
1676.432,84159.8,0,359.5245,737.9877,-40.1794,64.53067,-32.06078,-336.4186
1681.858,60794.52,0,-1446.79,539.8177,-32.10773,160.0357,-32.58258,-333.9733
1687.283,75485.88,0,-1384.941,-371.5474,-34.58487,-165.2594,-32.41573,-327.0244
1692.708,63271.66,0,1412.36,-1067.895,-30.8668,-38.0822,-32.53175,-330.2667
1698.134,71993.23,0,-112.9422,2415.765,-29.49374,94.59561,-32.29473,-330.0518
1703.559,56989.62,0,-2183.971,4259.07,-21.86486,121.2647,-32.09546,-331.8311
1708.984,50752.46,0,-1986.672,3895.747,-21.65057,121.2444,-32.14007,-343.2365
1714.41,51634.61,0,-815.3544,1966.425,-27.83846,114.6678,-31.20307,-345.7919
1719.835,58581.11,0,-1300.598,1607.593,-29.23872,130.5119,-31.69507,-353.108
1725.26,38606.06,0,-3.270836,594.0693,-36.258,91.19698,-31.75935,-361.1174
1730.686,87134.35,0,-1067.304,489.4378,-37.51501,155.683,-31.78743,-367.277
1736.111,106761.6,0,141.147,526.3331,-45.8301,75.27101,-31.64149,-377.6613
1741.536,73667.09,0,591.7545,2544.265,-28.94063,78.90078,-31.55193,-389.1765
1746.962,90778.74,0,-874.7907,864.7335,-37.44492,135.8718,-31.57558,-386.6538
1752.387,78226.92,0,-3239.836,-38.39362,-28.00854,-179.3481,-31.40047,-376.6051
1757.813,47336.37,0,-1806.714,1382.653,-26.69279,144.1853,-31.44494,-374.3251
1763.238,63783.88,0,378.186,-881.2808,-36.40704,-67.57057,-32.41908,-386.8609
1768.663,46289.55,0,-204.8416,-1780.294,-28.28742,-98.75644,-32.77808,-395.4741
1774.089,73660.79,0,-998.1927,-1223.333,-33.4957,-130.1519,-32.64327,-404.969
1779.514,65496.57,0,-1709.781,-1647.338,-29.04028,-137.4697,-33.18547,-407.032
1784.939,40794.2,0,-232.1929,-1030.194,-31.79043,-104.14,-32.99986,-404.4413
1790.365,34761.82,0,-437.907,-221.4178,-37.1146,-153.538,-32.58851,-419.7782
1795.79,62576.66,0,331.6344,-1889.596,-30.22696,-81.78447,-31.80209,-430.4474
1801.215,68823.56,0,-444.1436,-1136.72,-35.08168,-112.2819,-32.21526,-427.9094
1806.641,93834.59,0,-4251.324,550.7863,-27.1895,172.9398,-32.09932,-431.1727
1812.066,64558.88,0,-1555.753,1241.918,-30.42754,142.4767,-31.87144,-425.8013
1817.491,52237.64,0,-315.7639,-249.2261,-42.32178,-141.9884,-31.89667,-436.6216
1822.917,39080.66,0,707.3124,-1129.553,-29.18949,-59.63176,-31.48026,-425.7349
1828.342,49354.93,0,405.2466,-2724.59,-25.00738,-84.72588,-31.66689,-416.4535
1833.767,37117.07,0,20.13696,344.6407,-40.625,87.18835,-31.66115,-406.0354
1839.193,71799.11,0,-1442.534,1017.336,-32.3602,145.6027,-31.8975,-396.683
1844.618,47998.43,0,-1735.938,-436.3989,-28.87664,-166.3915,-32.58652,-385.9011
1850.043,47592.59,0,-1418.289,-895.4014,-29.31516,-148.7814,-32.35471,-384.1797
1855.469,29596.07,0,-260.981,293.6003,-37.61736,132.1973,-32.41894,-386.8419
1860.894,40718.08,0,287.4174,658.2124,-35.01011,67.34355,-31.9312,-388.9388
1866.319,54098.33,0,1644.918,-3231.579,-23.22305,-66.54874,-32.36343,-397.106
1871.745,60744.37,0,430.237,-2592.958,-27.22254,-83.0407,-32.91293,-412.2664
1877.17,57183.33,0,-2318.02,832.2834,-27.66242,161.0507,-32.09816,-412.6905
1882.595,59764.17,0,-121.7255,1464.298,-32.20659,96.15269,-32.05504,-418.245
1888.021,56466.98,0,54.86737,1208.541,-33.37527,88.62785,-32.23236,-410.1643
1893.446,25209.71,0,263.9736,421.8,-34.00371,58.92929,-31.82046,-411.2898
1898.872,46452.37,0,-120.1979,192.0255,-46.2597,122.2806,-32.21195,-418.5399
1904.297,72530.83,0,-788.6853,-1607.523,-32.24664,-117.3896,-32.48475,-412.2426
1909.722,68401.13,0,-1337.843,-1262.829,-31.57591,-137.6896,-32.25819,-408.1617
1915.148,33453.78,0,-1831.409,-856.8212,-24.83909,-156.3186,-31.80397,-417.7379
1920.573,43332.71,0,655.7687,16.11389,-36.26623,1.429252,-31.3885,-427.5474
1925.998,67184.95,0,-538.5811,-38.99092,-41.96707,-175.8922,-31.83336,-427.1867
1931.424,70637.15,0,-3499.265,-2078.831,-25.21177,-150.8926,-31.72552,-418.509
1936.849,35846.82,0,-1433.144,-97.00916,-28.28389,-176.2767,-31.94901,-420.9087
1942.274,38273.12,0,172.7842,1384.529,-28.73115,84.96763,-31.59716,-424.662
1947.7,35039.42,0,405.9856,772.4935,-31.97497,63.55349,-31.57476,-421.7711
1953.125,34725.78,0,319.6542,-36.91171,-40.58158,-6.648459,-30.98051,-418.5446
1958.55,43165.81,0,659.1964,-437.2948,-34.60547,-34.14875,-29.96149,-420.0593
1963.976,51637.5,0,1479.685,-2577.474,-24.55722,-63.08227,-30.18997,-419.9038
1969.401,56938.9,0,871.01,-2034.808,-28.07883,-68.90487,-30.77413,-420.2108
1974.826,55782.2,0,-2043.853,-1922.655,-26.28535,-138.6545,-31.30803,-411.2301
1980.252,31633.4,0,391.5645,-622.5842,-32.56501,-58.97444,-30.87481,-405.8412
1985.677,41328,0,-244.6435,2340.154,-24.9578,99.18993,-30.03209,-405.5833
1991.102,67361.68,0,-542.7123,1545.111,-32.35577,110.6571,-29.96439,-404.0132
1996.528,37707.44,0,1969.017,579.7004,-24.81785,17.3343,-29.82482,-401.594
2001.953,37916.41,0,-747.4998,455.1703,-32.90479,149.3363,-29.88238,-399.222
2007.378,23657.66,0,-1124.094,1755.412,-21.52442,126.6856,-29.63847,-394.9077
2012.804,23852.22,0,66.49919,1359.863,-24.86022,90.4725,-29.43224,-390.6438
2018.229,38798.6,0,-217.6432,-503.2828,-37.04484,-114.125,-29.46586,-397.2083
2023.655,50651.08,0,-264.3654,-192.6428,-43.8432,-144.136,-29.6509,-401.9439
2029.08,26359.69,0,348.3287,215.9679,-36.05111,32.2751,-29.93144,-403.1846
2034.505,21204.58,0,-358.3683,874.9056,-27.16848,114.5979,-29.71158,-389.8351
2039.931,37066.69,0,-2374.867,-424.7585,-24.27005,-170.4766,-29.32876,-379.8815
2045.356,35072.41,0,-969.6292,-2122.822,-23.79001,-117.92,-29.54929,-385.1217
2050.781,18845.06,0,-569.6085,-881.3062,-25.35306,-125.4746,-29.33351,-385.5355
2056.207,38772.9,0,-868.4222,916.5347,-29.93987,134.7805,-29.17532,-379.5436
2061.632,44692.18,0,-1885.382,961.8079,-26.85286,154.155,-28.79531,-388.9828
2067.057,53240.21,0,113.6075,810.2138,-36.2507,82.89179,-28.97891,-396.7989
2072.483,32052.13,0,-553.7586,-79.16504,-35.31167,-172.0033,-28.94702,-409.5311
2077.908,19957.07,0,-744.252,-243.9263,-28.44305,-162.5287,-28.44589,-410.855
2083.333,25981.5,0,-34.67093,-519.8264,-33.97016,-94.96049,-27.72553,-396.61
2088.759,25422.88,0,-1678.98,1482.659,-21.6683,141.6846,-27.35845,-391.2031
2094.184,26227.4,0,-1395.875,863.4185,-24.52584,150.0515,-27.47587,-400.2167
2099.609,64623.16,0,2040.199,-378.3917,-29.58895,-10.85356,-27.9938,-392.5313
2105.035,30054.98,0,-206.7169,1212.858,-27.82427,101.9676,-28.17245,-381.5908
2110.46,23559.47,0,-1628.155,1362.965,-21.49606,143.1639,-28.09453,-381.0149
2115.885,36610.67,0,1376.273,-1451.683,-24.92446,-48.88676,-28.44549,-391.7511
2121.311,42175.3,0,1768.111,-1268.433,-25.38012,-37.45343,-28.40592,-391.1722
2126.736,22027.88,0,-1446.631,-83.43079,-24.19041,-176.9029,-27.94252,-399.9666
2132.161,26442.15,0,-995.3434,-829.4227,-26.52125,-141.927,-27.78668,-398.1884
2137.587,37869.56,0,-1291.587,627.3918,-28.71572,155.0096,-27.83961,-398.3701
2143.012,36924.08,0,-1188.509,846.285,-28.34226,145.819,-27.68229,-395.9149
2148.438,29385.89,0,282.6759,-917.8193,-29.63442,-74.6882,-28.28131,-401.7746
2153.863,30743.26,0,522.0392,-81.98816,-35.14639,-9.081041,-28.62545,-412.886
2159.288,28961.04,0,-413.1306,1162.49,-27.54179,111.8307,-28.38398,-414.4221
2164.714,40217.05,0,-912.8543,-2526.361,-23.71666,-113.3813,-28.37377,-419.8835
2170.139,46089.46,0,1.098061,-628.243,-37.31007,-90.68082,-28.67263,-420.9957
2175.564,36964.48,0,-1881.146,482.9869,-26.02181,166.3126,-29.02018,-421.3804
2180.99,56720.72,0,-428.0546,-2666.813,-26.51926,-101.7906,-29.12572,-418.7335
2186.415,45232.19,0,-794.1934,-833.2972,-32.03898,-134.6608,-29.31554,-409.6954
2191.84,28391.19,0,-947.0919,-238.2672,-29.55462,-166.344,-29.98195,-398.371
2197.266,55224.98,0,1171.59,-1065.102,-30.66649,-43.40305,-29.82586,-400.249
2202.691,53413.11,0,965.7265,319.0752,-34.2476,18.63208,-29.78765,-400.8473
2208.116,35964.98,0,131.781,-916.9613,-31.75275,-83.2876,-29.54842,-389.4457
2213.542,57921.2,0,2492.962,-2158.089,-24.51802,-43.11152,-29.11314,-394.7866
2218.967,37658.12,0,1472.669,-318.8429,-27.60996,-12.72121,-28.86547,-404.1111
2224.392,23984.14,0,-465.3239,884.9984,-27.77217,119.808,-29.05536,-400.9995
2229.818,38716.98,0,525.5881,-773.5463,-32.22291,-56.96608,-29.06058,-399.5887
2235.243,49251.86,0,1884.959,591.3436,-27.59646,18.13279,-29.80574,-405.3821
2240.668,58143.75,0,2133.877,469.7615,-28.17668,12.89586,-30.25665,-394.9491
2246.094,41844.4,0,-36.77893,392.9599,-40.51591,95.88457,-29.90177,-394.4579
2251.519,20064.67,0,-424.1174,1011.584,-25.4376,115.5729,-29.59214,-390.5768
2256.944,39072.4,0,-1117.288,1265.063,-27.5401,133.2535,-29.38631,-391.6469
2262.37,30708.09,0,-1838.47,533.9215,-24.61048,164.7457,-29.03744,-389.0588
2267.795,28537.17,0,-704.491,-1285.676,-26.00552,-121.2382,-29.31094,-379.7299
2273.22,40411.34,0,547.2585,-3003.859,-22.34083,-83.98404,-29.2408,-384.4168
2278.646,30817.88,0,852.6218,-893.2004,-27.70417,-48.03886,-29.16377,-391.0173
2284.071,60237.79,0,398.0473,-700.2106,-37.4197,-61.05357,-29.2886,-388.1807
2289.497,54605.25,0,320.441,312.9335,-41.67019,44.65118,-29.27093,-393.4948
2294.922,41759.66,0,-297.7231,597.4419,-35.98851,117.3023,-29.14576,-400.2874
2300.347,25555.08,0,-812.7127,-1328.135,-24.58636,-124.3468,-28.96577,-409.3458
2305.772,28920.29,0,320.6015,-1991.749,-23.05245,-84.83961,-28.56157,-421.5702
2311.198,31381.39,0,663.0609,-1324.426,-26.34414,-65.87439,-28.42644,-432.6681
2316.623,29232.12,0,432.7372,1225.12,-26.92133,72.98164,-28.05557,-445.9881
2322.049,41312.02,0,-206.7141,513.928,-37.49625,112.6204,-27.87135,-458.2949
2327.474,30037.98,0,-1684.982,-1470.763,-23.0451,-141.5379,-28.1344,-451.4346
2332.899,36474.04,0,-1655.095,-959.8708,-25.99226,-151.3305,-28.63275,-450.8448
2338.325,61304.87,0,-1910.32,21.42221,-30.39376,179.3769,-28.66995,-453.867
2343.75,51872.92,0,-1331.036,-276.4728,-31.85175,-168.5635,-28.48978,-443.0113
2349.175,27484.21,0,-842.5547,-1360.983,-24.96787,-124.5114,-28.00937,-440.3919
2354.601,14865.6,0,-952.297,-47.28711,-24.39687,-177.3286,-27.42313,-447.3658
2360.026,17727.41,0,-428.1206,-152.8948,-32.02784,-160.8293,-28.1461,-433.5094
2365.451,34724.1,0,-1063.996,-2437.094,-22.59974,-117.481,-28.35952,-427.3361
2370.877,23953.67,0,-2146.412,-1622.749,-19.75197,-146.4674,-28.40112,-417.6539
2376.302,15158,0,38.18298,-1393.568,-20.74184,-93.6965,-28.45326,-417.1054
2381.728,27142.8,0,650.2099,266.0551,-31.52954,22.82894,-27.58331,-421.3973
2387.153,31985.42,0,244.2486,-684.5322,-32.80615,-71.59849,-28.19335,-410.0218
2392.578,19627.91,0,-249.6037,-705.9656,-28.48549,-111.5058,-28.26522,-410.1269
2398.003,34039.97,0,-703.3273,167.0242,-33.6361,166.9165,-28.055,-423.7417
2403.429,44393.82,0,-166.8284,1163.07,-31.58142,99.65784,-28.00519,-420.8426
2408.854,26907.52,0,1478.738,-767.1737,-23.67748,-29.14848,-28.62062,-408.3024
2414.28,36970.8,0,-372.9171,89.52988,-39.76876,166.6373,-28.93393,-394.1015
2419.705,32168.49,0,956.808,897.0103,-27.53437,44.79868,-29.33045,-382.71
2425.13,23500.87,0,-756.7648,738.2621,-27.21764,137.4523,-29.28774,-377.4037
2430.556,25279.14,0,134.9449,990.7596,-28.0163,84.50031,-29.17934,-366.3495
2435.981,18776.65,0,1746.89,646.7219,-19.22729,22.49004,-29.47909,-362.696
2441.406,36021.6,0,-65.14256,577.9188,-35.8559,97.34869,-29.65262,-362.9203
2446.832,65548.63,0,-2545.204,-1329.44,-27.50166,-153.539,-30.39962,-365.9042
2452.257,56418,0,-681.962,-2789.98,-25.97903,-106.533,-30.41793,-352.3249
2457.682,31729.66,0,-255.6826,-886.0541,-30.80579,-107.683,-30.04177,-352.7713
2463.108,46932.42,0,-451.3122,401.4366,-37.89194,138.8327,-29.90536,-353.8272
2468.533,37723.16,0,-532.1942,941.4492,-30.97626,120.8889,-30.25493,-345.9208
2473.958,26435.72,0,53.28132,247.6082,-40.3548,78.39377,-29.87841,-357.6385
2479.384,21537.22,0,1628.689,-159.4173,-21.70289,-6.049131,-29.94312,-364.4764
2484.809,15398.87,0,415.0733,1978.082,-17.47545,85.66961,-30.075,-366.5883
2490.234,20231.9,0,828.6191,-241.6357,-27.03663,-16.97084,-29.83922,-370.3349
2495.66,27167.54,0,443.4998,142.5021,-35.17359,18.11839,-30.17646,-371.7829
2501.085,52918.21,0,-138.894,-143.2981,-48.49325,-134.2606,-29.8622,-371.2792
2506.51,50272.19,0,-1865.46,215.0701,-28.87004,173.6597,-29.68837,-359.8271
2511.936,25810.09,0,-1282.399,561.4774,-25.73672,157.5418,-30.06718,-354.2634
2517.361,36443.11,0,332.7663,1282.047,-28.71687,77.48283,-29.64936,-351.8871
2522.786,46656.7,0,-959.6403,934.4203,-31.01844,136.8871,-28.66137,-361.1657
2528.212,34496.79,0,182.0717,-856.9119,-31.86183,-79.43501,-28.10067,-368.0614
2533.637,24531.4,0,-104.1124,-879.3454,-28.89312,-98.79651,-27.74927,-373.9952
2539.063,24004.33,0,-17.09402,760.9222,-29.98733,93.10126,-28.42036,-379.8368
2544.488,31123.2,0,2034.811,193.8232,-23.06488,5.822988,-29.19591,-387.2535
2549.913,39344.07,0,1800.117,-238.7022,-26.30926,-7.917843,-29.28322,-388.4189
2555.339,33169.94,0,-318.6997,1109.409,-29.2565,107.9252,-28.85182,-387.3497
2560.764,19174.02,0,142.7786,1215.68,-23.85114,86.95642,-27.89763,-381.6866
2566.189,27582.79,0,535.3505,95.36961,-33.93413,10.30297,-27.49406,-393.1335
2571.615,32817.27,0,1458.217,-2014.715,-22.03142,-57.77961,-27.62769,-398.476
2577.04,21492.75,0,1773.984,-2107.947,-17.14426,-56.01883,-27.58033,-398.5585
2582.465,23136.87,0,2141.717,-848.2557,-19.20139,-23.92034,-27.24085,-400.1174
2587.891,29793.99,0,463.2323,-468.1288,-32.97539,-46.2156,-27.31828,-404.1505
2593.316,22800.19,0,-230.0332,-294.5338,-35.79578,-128.7228,-27.34115,-400.6643
2598.741,31229.85,0,228.0328,-593.5609,-33.76215,-70.08119,-27.23518,-400.4116
2604.167,38612.19,0,1035.27,-872.2617,-28.87003,-41.4454,-27.35778,-397.3655
2609.592,32995.87,0,1225.385,985.0945,-26.1142,40.57198,-27.83533,-404.5912
2615.017,19974.49,0,703.9474,-185.7642,-28.45511,-15.33505,-28.23063,-411.2202
2620.443,15150.04,0,654.9024,-1226.047,-20.39514,-66.7255,-28.35805,-412.2797
2625.868,28568.58,0,750.3492,721.1471,-28.54291,45.34808,-28.05409,-410.2706
2631.293,40504.1,0,467.9831,1579.057,-27.72221,75.75043,-29.13086,-407.9958
2636.719,40996.26,0,-486.2982,2611.238,-23.88948,104.1514,-29.66092,-410.0781
2642.144,16456.93,0,-341.4042,-99.2485,-33.48776,-164.129,-29.97475,-416.5652
2647.569,24141.98,0,722.8071,-333.5626,-29.37338,-25.5885,-29.80676,-410.0538
2652.995,30490.74,0,-132.7633,1247.002,-27.762,98.40898,-29.78101,-403.0569
2658.42,21507.24,0,430.1282,1015.025,-25.63949,69.79176,-29.39957,-402.5113
2663.845,49008.55,0,-709.2371,-267.2814,-36.33779,-159.6587,-29.55642,-402.5027
2669.271,42572.32,0,478.4916,-286.31,-37.55798,-31.28429,-29.61776,-398.1209
2674.696,29425.73,0,631.614,1203.734,-26.52685,64.70728,-29.26523,-390.1039
2680.122,41574.76,0,1077.334,1313.302,-27.55104,52.49453,-29.42167,-382.4627
2685.547,43513.13,0,249.6684,-43.80017,-44.64351,-10.00834,-29.08565,-379.2336
2690.972,29733.97,0,-151.6792,-1143.432,-28.27564,-99.7474,-28.73394,-382.3716
2696.397,21565.79,0,-1086.505,-414.894,-25.79191,-160.1494,-28.51805,-386.776
2701.823,15141.97,0,12.51558,509.9937,-29.44748,90.52485,-28.50977,-384.4384
2707.248,15957.54,0,257.9763,83.3629,-35.25493,18.21204,-28.2961,-390.6252
2712.674,29758.96,0,831.3547,-1240.326,-25.75203,-58.62236,-28.32693,-402.4139
2718.099,36451.91,0,672.1993,-571.1085,-32.16395,-41.26608,-28.67826,-406.6495
2723.524,20501.66,0,-587.2349,681.8151,-27.40228,132.5895,-28.05765,-400.2458
2728.95,10921.28,0,-913.6652,516.4005,-21.05192,153.0235,-27.62997,-399.8632
2734.375,14077.78,0,0.2542114,923.4901,-23.68053,93.73747,-27.43699,-407.0172
2739.8,16474.01,0,-455.9985,1356.712,-21.48637,113.1595,-27.25187,-414.4547
2745.226,15583.79,0,1352.422,214,-20.33627,9.85313,-26.52092,-418.6442
2750.651,24118.71,0,2309.645,429.3572,-19.35597,11.65878,-26.56329,-407.0133
2756.076,31012.79,0,-273.8488,-617.7283,-33.31369,-115.0396,-26.71408,-392.3521
2761.502,20760.61,0,-1121.693,-545.1035,-24.88632,-155.5089,-27.21313,-388.9579
2766.927,22972.98,0,-764.6876,-477.7809,-28.4095,-149.1557,-26.87609,-383.747
2772.353,29775.1,0,616.9237,-209.3485,-33.01746,-19.15563,-26.76423,-374.5642
2777.778,26780.48,0,1578.969,-690.1942,-23.30494,-25.17972,-26.54959,-366.0702
2783.203,16931.33,0,563.6481,-232.7422,-28.57673,-23.25143,-26.79296,-366.2704
2788.628,22777.05,0,257.9585,-1678.716,-22.47418,-85.52734,-27.01793,-365.8468
2794.054,37563.38,0,-433.2375,-2459.434,-23.66364,-103.6938,-27.10885,-378.4478
2799.479,44535.9,0,-161.2246,-1525.601,-29.2936,-97.98746,-27.65274,-392.2053
2804.905,24193.92,0,-694.9203,517.8079,-29.16535,144.5009,-27.79729,-394.974
2810.33,20601.58,0,-632.2103,416.6557,-28.95847,147.7374,-28.09718,-392.1554
2815.755,16483.08,0,-159.2567,52.91652,-39.92757,161.802,-27.85238,-381.4557
2821.181,30424.83,0,-711.2993,985.1743,-28.17726,127.6417,-27.97816,-379.2033
2826.606,32635.81,0,-1525.974,1736.627,-23.40297,134.2159,-28.09352,-377.1412
2832.031,28554.77,0,-868.7138,855.3486,-27.65653,137.1093,-27.91408,-371.6788
2837.457,26637.86,0,-387.9124,509.1029,-32.51285,128.3849,-28.17426,-363.7256
2842.882,19258.76,0,-984.1553,339.7172,-25.77651,161.9175,-28.07832,-358.8599
2848.307,22901.72,0,-1251.275,-212.0674,-25.58971,-170.8839,-28.13654,-352.9151
2853.733,17027,0,-392.9953,-29.91002,-32.90814,-175.7461,-28.46557,-345.7569
2859.158,14603.39,0,663.3342,-675.3831,-23.37164,-48.28943,-29.24199,-336.8533
2864.583,14397.91,0,275.3572,684.123,-25.65368,70.84873,-29.34939,-344.7079
2870.009,26841.38,0,-319.339,1011.493,-28.17295,109.6542,-29.07533,-350.2587
2875.434,33612.3,0,-391.7334,-1375.86,-27.52771,-108.2097,-28.23512,-354.829
2880.859,29275.92,0,-208.7113,-821.4417,-30.83206,-105.8519,-28.58071,-367.2186
2886.285,27628.15,0,-59.71505,953.3262,-29.2491,95.55624,-28.88767,-374.6942
2891.71,34390.48,0,-995.3043,820.2423,-28.76887,141.8355,-29.30261,-381.6477
2897.135,31653.73,0,348.3275,1430.437,-26.56189,78.93039,-29.42561,-385.544
2902.561,23543.77,0,1167.643,881.6812,-23.69678,39.31272,-29.67143,-386.3401
2907.986,31715.08,0,645.7111,655.2466,-30.57338,46.62812,-29.98907,-370.8689
2913.411,40446.11,0,4.856323,212.225,-45.59841,88.9898,-29.93799,-355.8232
2918.837,27433.81,0,675.5243,-244.8408,-31.42068,-20.44707,-30.39237,-353.4826
2924.262,25175.96,0,1433.609,802.3572,-23.20338,31.17025,-30.95665,-361.7784
2929.688,22410.69,0,784.0821,1470.643,-22.28315,65.82563,-30.81094,-358.6942
2935.113,39653.64,0,-452.3711,-505.6337,-35.43442,-132.5401,-30.61059,-361.5873
2940.538,55247.22,0,1599.759,-648.8582,-29.8491,-22.77031,-30.41562,-361.7609
2945.964,32066.57,0,474.187,-73.24738,-36.37027,-8.913883,-30.39182,-373.0248
2951.389,22324.13,0,270.2487,278.2743,-35.09586,46.56117,-30.93323,-378.9242
2956.814,22629.87,0,-533.6505,384.1695,-30.93874,145.2004,-31.17995,-388.9174
2962.24,32915.44,0,-733.4188,367.4987,-32.26004,154.0114,-31.32017,-395.0393
2967.665,21172.6,0,-418.8162,360.794,-31.83559,140.2137,-31.45695,-404.6144
2973.09,18246.52,0,403.4104,5.93644,-32.91353,0.8621451,-30.45872,-402.2423
2978.516,7956.283,0,-23.23489,-103.8047,-37.50362,-103.362,-30.37084,-394.108
2983.941,8456.149,0,-494.1758,51.12573,-25.11305,174.4207,-30.22074,-391.047
2989.366,16526.2,0,-1182.71,-247.8681,-23.32044,-168.9654,-30.82305,-387.5721
2994.792,15656.08,0,-213.4777,-699.4736,-26.73752,-109.4958,-30.561,-381.0786
3000.217,21548.4,0,-616.9034,-524.4509,-28.74939,-140.9864,-30.28633,-381.4696
3005.642,24727.3,0,229.593,73.60549,-40.13849,17.94754,-30.00785,-376.4301
3011.068,18538.63,0,-312.1768,-374.8546,-31.74309,-130.9265,-29.63489,-375.7217
3016.493,19110.66,0,52.91833,-886.551,-26.6413,-89.24749,-29.91705,-378.5226
3021.918,14478.13,0,-281.9417,-138.0398,-33.44576,-154.4493,-29.60739,-394.4005
3027.344,22274.08,0,-990.2748,940.0447,-24.63568,138.8045,-29.49739,-407.6154
3032.769,21137.92,0,-622.095,367.8435,-29.57513,150.3727,-28.88848,-409.3826
3038.194,23819.2,0,10.56145,2378.638,-20.05117,95.4509,-28.5608,-405.8903
3043.62,27314.06,0,-369.4089,331.3034,-34.93171,138.7984,-28.3907,-407.443
3049.045,26938.71,0,830.4237,53.77679,-29.93141,3.823217,-28.68423,-394.5511
3054.47,29211.76,0,1511.72,-845.9459,-24.08111,-30.98026,-28.65823,-384.58
3059.896,21922.85,0,-59.52939,652.1653,-30.52213,96.91482,-28.29409,-371.0595
3065.321,24233.83,0,524.8462,884.0154,-27.26376,61.43744,-27.54256,-364.7375
3070.747,20869.58,0,23.15204,298.2394,-36.86412,86.38073,-27.44315,-365.6893
3076.172,15409.55,0,-837.3062,-8.903854,-25.75721,-179.4221,-27.26402,-361.5045
3081.597,16889.92,0,-415.6684,-401.8168,-29.52553,-137.3008,-26.68456,-356.9195
3087.022,24977.74,0,1906.344,-1245.477,-20.12633,-36.24794,-26.83363,-370.2623
3092.448,31209.55,0,781.9391,-437.0112,-30.6223,-30.02285,-27.17571,-375.9865
3097.873,19100.73,0,-1283.249,1129.668,-21.54099,141.814,-27.39132,-378.5787
3103.299,26065.92,0,-150.8677,867.1883,-29.48457,101.7637,-26.57999,-391.8911
3108.724,27936.45,0,-170.7745,1368.987,-26.1916,99.89908,-26.29035,-399.919
3114.149,19661.83,0,-1417.85,1203.433,-21.10247,142.9437,-26.52574,-400.9343
3119.575,24625.77,0,-1347.793,812.4702,-24.35622,150.7094,-26.31009,-409.9447
3125,27689.5,0,-812.0029,-469.35,-29.65549,-150.9149,-25.9402,-418.0301
3130.425,26498.78,0,1774.331,-39.46701,-22.8797,-1.365698,-25.51621,-428.5923
3135.851,21317.72,0,1028.276,-1423.229,-21.27708,-58.16457,-25.67798,-415.6502
3141.276,30124.96,0,-972.9469,-819.7672,-27.76613,-141.3938,-25.49012,-407.3677
3146.701,28295.96,0,352.3443,201.3959,-36.75876,30.16471,-25.71197,-405.5972
3152.127,16715.96,0,734.7417,592.6624,-24.57893,41.01442,-25.26253,-407.1862
3157.552,10210.62,0,-1028.348,-1005.209,-17.89374,-140.7628,-25.40835,-420.1136
3162.978,15286.23,0,-1004.173,-293.0379,-23.84894,-164.7622,-25.15693,-432.0063
3168.403,10825.43,0,237.2094,-290.1502,-29.02434,-52.30231,-25.97781,-430.4494
3173.828,17787.18,0,8.911758,-892.7755,-25.99345,-92.30291,-25.94166,-434.9605
3179.253,15114.76,0,-354.358,-1609.6,-19.49617,-108.3562,-25.85197,-440.3481
3184.679,12933.95,0,-368.156,-384.3266,-27.9604,-135.4239,-25.7811,-433.9075
3190.104,24939.76,0,-5.519135,870.0226,-29.15426,92.36097,-26.17528,-431.451
3195.53,21977.18,0,909.1775,634.4193,-25.58056,36.63196,-26.24647,-425.7789
3200.955,22981.9,0,1252.396,19.28139,-24.78514,0.9328738,-26.94135,-413.4547
3206.38,19360.4,0,832.6177,-1391.075,-21.18406,-63.39141,-26.68081,-408.4013
3211.806,15760.66,0,-579.0231,-769.3335,-24.60303,-129.6619,-27.14627,-417.8223
3217.231,16076.24,0,-866.183,-584.0432,-24.20491,-147.9836,-27.42412,-415.0428
3222.656,17611.66,0,-80.23694,88.15354,-43.42995,132.5938,-27.49799,-412.1546
3228.082,24115.07,0,1554.091,1519.568,-20.34346,48.20975,-27.46447,-414.11
3233.507,18063.39,0,1048.313,736.5201,-22.47261,37.56955,-27.62649,-413.3784
3238.932,16006.21,0,581.6418,-156.7144,-28.16724,-15.66148,-28.342,-403.6496
3244.358,18717.89,0,333.7449,384.2272,-31.1575,50.21928,-28.40358,-393.9773
3249.783,18308.52,0,690.4348,1081.167,-22.77219,60.94931,-28.19218,-393.1086
3255.208,33659.27,0,-116.9777,229.3364,-42.35867,117.4138,-27.99184,-390.1927
3260.634,28292.25,0,-558.1691,554.5354,-31.2873,136.2883,-28.3048,-384.1922
3266.059,25761.5,0,-460.2762,-201.2057,-34.35368,-156.8275,-28.87933,-374.0998
3271.484,25999.55,0,327.2331,-1642.391,-23.72844,-82.39236,-28.78676,-367.0645
3276.91,33811.49,0,-353.4142,-1802.957,-25.40023,-104.1113,-28.65615,-359.0618
3282.335,27577.95,0,-21.57678,-1059.523,-28.32042,-93.3651,-27.49153,-363.2883
3287.76,23769.76,0,206.0169,-772.2342,-29.39598,-76.93953,-27.65386,-360.1961
3293.186,15963.47,0,-25.54279,299.3832,-34.52191,95.94925,-28.05958,-361.7558
3298.611,14166.66,0,196.7393,439.6443,-29.25342,67.69419,-27.93671,-358.1592
3304.036,29987.59,0,-531.8954,1694.703,-24.71502,110.6032,-27.71539,-354.75
3309.462,17401.85,0,-77.69028,1495.771,-21.37329,97.8643,-27.88186,-365.3862
3314.887,15969.77,0,-256.0707,356.5533,-31.35737,126.9441,-27.97425,-378.2137
3320.313,16850.41,0,-316.331,198.538,-33.24913,148.5491,-27.60162,-388.0338
3325.738,23174.88,0,1525.846,462.2785,-22.65916,18.07826,-27.22911,-385.4039
3331.163,24350.97,0,1807.014,605.8226,-21.4619,20.07367,-27.35292,-382.6978
3336.589,15884.81,0,1268.753,1053.796,-18.97308,43.83599,-27.4349,-382.6576
3342.014,10136.94,0,-226.5724,634.8522,-23.75229,113.1464,-27.26472,-383.5966
3347.439,17113.92,0,467.9706,38.34918,-30.99276,4.816796,-27.17585,-386.6454
3352.865,20196.52,0,557.7201,869.7609,-25.58698,59.86648,-27.21493,-391.8011
3358.29,17750.52,0,-422.6902,748.5357,-26.50971,121.8116,-26.89334,-393.6799
3363.715,20297.5,0,-980.8781,-327.6444,-26.2681,-162.4112,-26.86613,-393.4913
3369.141,21135.03,0,-114.1624,-61.21764,-44.2988,-151.9634,-27.38144,-404.2313
3374.566,12960.96,0,339.7237,-777.8799,-23.4621,-69.93448,-27.09845,-413.901
3379.991,15263.02,0,-112.6403,-716.8966,-26.53106,-101.5989,-26.84448,-416.0398
3385.417,8986.73,0,378.3411,-171.797,-26.32834,-25.56513,-26.64222,-413.3638
3390.842,28525.51,0,-237.3344,-1245.664,-27.1219,-103.267,-26.73647,-415.5056
3396.267,34848.69,0,-703.8514,-1937.622,-24.74662,-113.0834,-26.9901,-423.1427
3401.693,27783.73,0,-916.1008,-785.2595,-27.5296,-140.9649,-27.3322,-421.4257
3407.118,31306.27,0,514.6617,-110.4684,-35.34265,-12.31986,-27.28169,-414.6622
3412.543,14136.32,0,890.7028,440.8687,-22.49993,28.24024,-27.43706,-424.5699
3417.969,13606.82,0,-313.5854,806.5251,-24.14382,114.5625,-27.65011,-435.8058
3423.394,20502.36,0,-304.3615,-410.6646,-32.19468,-127.6745,-27.44582,-427.501
3428.819,18238.32,0,279.0032,-922.8735,-25.41458,-76.12054,-26.71695,-415.334
3434.245,16630.51,0,-133.0111,661.146,-27.91579,103.6336,-27.00861,-419.6819
3439.67,15846.65,0,689.3297,1696.533,-18.41167,74.2737,-26.62391,-420.3481
3445.095,14615.16,0,850.4839,-367.5867,-23.44131,-24.90415,-27.22898,-421.3166
3450.521,16414.16,0,-406.7881,-943.0095,-24.29917,-116.5428,-27.23997,-417.7724
3455.946,19986.85,0,-495.0698,305.164,-30.9364,149.2037,-27.15658,-409.9504
3461.372,25701.13,0,-696.1359,472.6656,-29.93213,146.8499,-26.76603,-400.8862
3466.797,27926.86,0,-872.8043,-565.3052,-28.84973,-148.1938,-26.02373,-397.4347
3472.222,16172.11,0,-177.8516,-426.2133,-30.9836,-114.1432,-26.67756,-405.2992
3477.647,15663.8,0,1135.404,222.9812,-21.97802,11.99018,-26.88193,-417.2649
3483.073,9741.918,0,-69.79579,341.584,-28.99257,103.5422,-26.88617,-418.4413
3488.498,16312.59,0,-526.7994,-185.4262,-29.58689,-161.2395,-26.80682,-406.5876
3493.924,13848.18,0,-567.4638,-1638.3,-18.45246,-115.5884,-26.52369,-405.7666
3499.349,17140.92,0,133.3435,-135.446,-39.03491,-45.90446,-26.50845,-407.7686
3504.774,14893.38,0,545.0222,-286.0972,-27.35251,-28.83852,-27.03538,-412.4402
3510.2,13608.87,0,614.8633,686.5913,-22.99552,51.17924,-27.3966,-399.1876
3515.625,16155.44,0,1149.736,1149.82,-19.32797,49.38384,-26.98507,-403.4778
3521.05,16464.63,0,913.7372,1320.03,-19.75448,60.16055,-26.55686,-407.9568
3526.476,11478.91,0,-129.5478,-123.7855,-36.23019,-136.914,-26.58626,-401.964
3531.901,21030.99,0,-580.7289,-576.9201,-28.43559,-136.7177,-26.61393,-397.9297
3537.326,30528.84,0,-667.9573,-359.3709,-32.28372,-152.3791,-26.61503,-399.3717
3542.752,19259.16,0,-1324.991,178.9448,-23.74823,172.8066,-26.70395,-401.994
3548.177,6519.333,0,-243.6305,482.3949,-21.97005,120.8757,-26.5755,-387.7821
3553.603,8167.412,0,805.2038,442.4962,-18.09159,32.23036,-27.33975,-381.5345
3559.028,16063.29,0,-162.2776,-258.7549,-34.50684,-123.0074,-26.71853,-371.9442
3564.453,16382.33,0,-404.7423,137.0264,-31.88496,161.764,-26.38675,-378.2584
3569.878,17282.65,0,722.0648,1049.86,-22.29418,59.10831,-26.3242,-387.8071
3575.304,16847.82,0,940.4281,1078.465,-20.93967,52.78988,-26.80267,-382.9858
3580.729,22838.68,0,692.2448,-274.5549,-29.46708,-22.34431,-27.46307,-379.6731
3586.155,24966.19,0,565.3175,-309.4504,-31.56473,-29.42254,-27.00595,-364.7392
3591.58,15583.26,0,1100.512,-335.6987,-22.00106,-18.29156,-27.01114,-361.1334
3597.005,18440.03,0,351.6442,380.6434,-30.85978,48.47331,-26.42022,-353.5979
3602.431,19905.48,0,-662.7786,653.799,-26.8895,137.2114,-26.89107,-361.0822
3607.856,22632.57,0,403.7491,110.6381,-34.50175,15.60958,-27.34472,-374.868
3613.281,18772.57,0,-888.7942,428.8458,-25.98936,155.4921,-28.00902,-383.7626
3618.707,24325.22,0,-2395.953,-895.0486,-20.38507,-161.4344,-27.86,-375.0138
3624.132,15969.13,0,-1183.174,-775.5651,-21.68197,-149.3443,-28.1848,-376.0509
3629.557,13043.96,0,-394.0813,230.7653,-29.37584,150.6315,-28.6727,-384.7713
3634.983,16945.16,0,-224.1966,278.8763,-33.6229,129.7274,-28.73355,-391.0508
3640.408,10390.61,0,-506.9976,30.69798,-26.63065,176.6965,-28.27406,-397.1319
3645.833,16447.65,0,309.5428,-518.3533,-28.54447,-60.99549,-27.81513,-403.5406
3651.259,18681.35,0,1714.065,159.8354,-19.87449,5.867109,-28.10971,-409.6819
3656.684,18868.42,0,371.188,101.696,-33.63605,15.63661,-28.01112,-412.4341
3662.109,22724.31,0,-608.1923,-125.7513,-31.49673,-168.6268,-27.69159,-418.1645
3667.535,31246.7,0,-717.7806,-351.2056,-32.0419,-154.5573,-26.92571,-423.2
3672.96,23477.87,0,318.3437,538.007,-31.37746,60.71757,-26.69141,-436.198
3678.385,27140.43,0,-241.8757,206.1921,-38.70562,139.9848,-26.99923,-422.5742
3683.811,23912.02,0,-310.4818,-480.2523,-32.54006,-124.0184,-27.12124,-411.1682
3689.236,12947.56,0,258.5628,-951.2288,-22.2176,-79.08044,-26.68216,-417.1339
3694.661,11572.67,0,-1083.746,-707.9515,-19.81782,-150.0472,-26.38939,-426.5297
3700.087,14672.24,0,-1214.911,-379.9266,-21.92731,-164.0044,-26.45439,-437.951
3705.512,15475.12,0,-516.74,-348.3943,-28.18726,-147.2596,-26.28891,-436.6219
3710.938,12115.67,0,419.9424,-66.47592,-28.7894,-9.320805,-26.30887,-439.1553
3716.363,13309.33,0,1148.912,316.1014,-20.17927,16.87226,-26.7977,-447.4107
3721.788,12891.46,0,179.3686,-1525.533,-18.41838,-90.13723,-26.63665,-443.6253
3727.214,19478.29,0,-693.1504,-1649.823,-21.06897,-117.4649,-25.86104,-437.5568
3732.639,16578.65,0,-414.9135,652.1095,-26.84943,124.6647,-25.17854,-440.5568
3738.064,18977.57,0,67.48241,1160.308,-24.24406,90.1827,-24.19401,-450.6839
3743.49,19995.88,0,1657.679,708.4071,-20.15512,25.35163,-24.19754,-444.9519
3748.915,28222.06,0,488.9709,-1067.064,-27.47478,-67.58432,-24.59871,-445.6817
3754.34,26755.53,0,504.775,-916.3829,-27.99575,-63.15184,-25.4908,-441.4728
3759.766,18640.81,0,847.4677,-517.6708,-25.06924,-33.0849,-25.61415,-439.7695
3765.191,10094.46,0,662.6944,-629.2219,-20.29384,-47.33257,-25.29234,-438.2789
3770.616,12121.33,0,-71.93588,-29.66783,-43.90132,-157.7272,-25.2247,-434.346
3776.042,23610.44,0,50.34925,-924.9681,-28.11484,-89.13254,-25.19715,-438.8771
3781.467,13694.85,0,1785.659,-772.9774,-15.75401,-27.12048,-25.32147,-435.6376
3786.892,10511.34,0,1294.425,-45.21592,-17.04498,-2.281679,-25.38345,-433.0787
3792.318,9939.743,0,483.8215,-1091.738,-18.03047,-72.68463,-25.13785,-442.2837
3797.743,16826.18,0,384.0652,-23.92374,-32.61424,-3.647763,-25.37282,-447.7449
3803.168,18462.12,0,-25.82104,-542.5946,-30.64217,-94.40561,-26.28408,-447.9147
3808.594,23311.26,0,132.4848,-239.6808,-38.55172,-61.66059,-26.53913,-437.047
3814.019,27205.97,0,-972.9321,-1366,-24.51767,-128.2356,-26.41612,-425.9928
3819.444,19151.29,0,-614.4846,-1565.7,-21.4291,-115.9574,-26.40205,-418.7856
3824.87,14228.11,0,196.2281,568.2703,-27.36912,73.26894,-26.70043,-425.0292
3830.295,9499.521,0,290.6204,-924.4473,-19.60075,-78.28082,-26.21727,-410.9969
3835.72,15408.85,0,1185.251,-439.357,-21.02896,-22.10835,-26.49621,-401.6365
3841.146,13043.87,0,479.9305,-829.5726,-22.37051,-63.72709,-27.14212,-406.5073
3846.571,7719.917,0,265.9607,-554.7035,-21.69185,-68.63988,-27.51433,-413.5408
3851.997,9758.681,0,301.0415,-132.1642,-29.17851,-24.50321,-27.81958,-415.6652
3857.422,26338.83,0,263.1246,103.9575,-39.29163,21.78684,-27.55563,-419.6186
3862.847,38313.54,0,-840.938,302.8642,-32.83094,160.6367,-26.99123,-415.9345
3868.272,34064.85,0,-1888.564,388.7708,-25.41243,168.9874,-26.18757,-412.5412
3873.698,20502.96,0,-518.7329,1098.686,-24.77376,118.2657,-26.45325,-412.1497
3879.123,15262.57,0,-752.244,-21.3763,-26.55976,-178.4488,-26.82961,-414.3562
3884.549,18715.48,0,-281.1235,270.1873,-33.75505,136.9513,-26.60532,-414.2846
3889.974,23474.82,0,-132.9166,453.5402,-33.97253,107.4346,-26.69099,-405.2913
3895.399,24847.35,0,-532.9901,-685.6658,-29.31816,-129.4066,-26.791,-400.6248
3900.825,21669.43,0,-1107.363,-684.8856,-24.86126,-149.9862,-27.42854,-394.4074
3906.25,26021.59,0,-655.7921,-1461.977,-24.44088,-117.2961,-28.05931,-384.0964
3911.675,24573.27,0,110.6998,-1079.175,-27.07119,-86.66917,-27.9847,-384.307
3917.101,14098.87,0,1407.782,-385.1439,-18.7898,-17.03895,-28.06499,-384.0951
3922.526,20016.73,0,1508.126,235.3831,-21.6749,9.599579,-27.36393,-394.5575
3927.951,15797.65,0,-238.9174,-441.1389,-30.09694,-120.0153,-27.51461,-396.5198
3933.377,13354.32,0,-447.4494,-148.1564,-29.33251,-162.2946,-27.44753,-397.1337
3938.802,17322.4,0,410.7816,1178.649,-22.6592,74.77235,-27.52462,-389.1588
3944.228,11237.43,0,-268.9279,945.1646,-21.39973,110.5786,-27.02636,-399.7368
3949.653,12380.29,0,260.6462,806.0983,-23.12935,75.88699,-26.90212,-412.3075
3955.078,22400.88,0,147.5877,331.2712,-35.75884,66.83897,-26.654,-398.4839
3960.503,19708.34,0,-301.7281,193.424,-34.93795,147.8918,-26.60883,-399.0872
3965.929,13562.65,0,481.7528,-254.1386,-27.61162,-28.92597,-26.58433,-385.6804
3971.354,14401.47,0,114.7247,55.98706,-40.97784,26.23746,-26.17397,-375.1413
3976.78,17038.48,0,1182.644,-1589.511,-18.1086,-59.07427,-26.41338,-366.3578
3982.205,18043.69,0,-404.6536,555.8905,-28.57669,127.7782,-26.52614,-374.5562
3987.63,20322.68,0,-280.9066,1373.259,-23.36504,105.3738,-26.48496,-364.3774
3993.056,23367.16,0,862.8234,-160.9261,-28.1786,-10.97461,-26.54375,-358.26
3998.481,18573.44,0,190.632,-1246.839,-23.2916,-85.18746,-26.87057,-357.6082
4003.906,16318.2,0,-412.8904,-184.5237,-31.3635,-156.5517,-26.89662,-357.1039
4009.332,23075.64,0,-1432.278,531.318,-24.10768,160.8891,-27.43454,-354.6622
4014.757,17211.1,0,-1107.356,-370.6283,-23.91268,-162.6539,-27.14499,-360.3546
4020.182,11819.79,0,-766.8274,231.6563,-23.92641,164.245,-27.0166,-368.3821
4025.608,10435.5,0,-859.4306,1048.089,-18.45355,134.6531,-26.99345,-372.153
4031.033,12069.82,0,-807.0811,192.9306,-23.81752,167.4143,-26.65053,-380.6429
4036.458,9679.178,0,-612.6255,-205.9118,-24.04282,-162.568,-26.90981,-372.6865
4041.884,15684.5,0,-16.68214,542.4739,-29.23215,93.74018,-27.42973,-376.786
4047.309,23808.38,0,577.8556,-373.917,-30.56699,-33.82812,-28.0723,-376.8744
4052.734,19840.03,0,39.832,660.6884,-29.52253,88.46101,-27.93096,-381.1724
4058.16,14859.17,0,-562.6431,1100.145,-21.94669,121.1668,-28.15636,-379.6219
4063.585,14126.29,0,-160.6577,218.821,-34.42551,127.1635,-28.21374,-374.2023
4069.01,15360.28,0,309.3456,-385.2392,-29.67837,-52.70187,-28.45758,-385.3439
4074.436,22478.14,0,503.8152,-185.3916,-32.24168,-20.68575,-28.24569,-382.6655
4079.861,21115.58,0,-254.61,-906.6388,-27.12562,-108.1156,-28.49811,-385.0352
4085.286,17202.87,0,-315.1622,-171.1996,-33.77647,-152.0486,-28.77585,-385.8631
4090.712,18760.41,0,-314.0244,1230.183,-23.55351,108.01,-29.23186,-388.2435
4096.137,19457.35,0,153.7386,135.0028,-39.49485,41.68812,-29.04867,-374.6185
4101.563,6876.487,0,-21.80177,96.61413,-36.85916,103.5187,-28.87927,-373.3367
4106.988,6103.634,0,-47.75373,-334.7476,-25.21046,-101.2337,-28.56441,-376.0964
4112.413,12598.05,0,308.0905,-378.5774,-28.02497,-52.62529,-29.0788,-386.0731
4117.838,13933.38,0,240.0416,-214.9355,-32.56856,-42.74083,-29.53193,-390.3325
4123.264,9528.081,0,104.9507,-308.4795,-29.22836,-73.08569,-29.16559,-400.8771
4128.689,6470.936,0,-127.4273,-694.2046,-19.46286,-106.4073,-29.31734,-406.9263
4134.115,9671.312,0,-130.5626,312.8214,-29.22726,114.4822,-29.40001,-414.3193
4139.54,16838.67,0,-430.6953,964.1391,-24.28605,117.2665,-29.43079,-412.5264
4144.965,17158.88,0,-164.4077,332.2548,-33.39361,117.4261,-28.71715,-407.9367
4150.391,14328.56,0,-707.0395,1295.003,-20.19605,123.5561,-29.01837,-415.2806
4155.816,7739.753,0,-194.1772,364.7915,-25.67463,120.6587,-28.59949,-409.8891
4161.241,6986.785,0,14.32864,-442.8755,-23.95502,-91.78134,-28.53643,-415.2971
4166.667,12712.9,0,-62.60457,-105.9609,-40.32458,-121.0509,-28.68436,-416.5604
4172.092,15598.2,0,349.5546,209.4874,-31.46244,31.72126,-28.7584,-406.9586
4177.518,12529.72,0,-16.51929,-578.3259,-26.7325,-94.27536,-28.3694,-398.9652
4182.943,12240.51,0,-284.7918,-1.34745,-32.86511,-179.7351,-28.29347,-389.6908
4188.368,9632.549,0,-196.0952,-14.21106,-33.97779,-175.9379,-28.59931,-392.3836
4193.793,24478.01,0,364.8269,-916.2518,-27.77195,-70.46495,-28.1781,-392.0658
4199.219,20384.51,0,1392.029,-1692.96,-18.79011,-55.6652,-28.14367,-395.4273
4204.644,13075.51,0,290.3969,-289.5339,-29.87909,-46.21204,-27.72543,-400.4185
4210.069,13987.76,0,-377.3544,182.5757,-30.69842,154.909,-27.96228,-409.0764
4215.495,19626.86,0,318.0689,-55.42953,-35.53478,-10.05008,-28.07685,-420.3433
4220.92,18603.13,0,-429.4214,-591.4526,-28.31694,-127.7613,-28.7526,-419.1263
4226.346,11277.46,0,-326.6879,204.0971,-29.57984,149.0127,-28.11488,-405.432
4231.771,14393.59,0,-478.1321,759.3343,-24.3995,125.1204,-27.77145,-399.7372
4237.196,20054.32,0,-420.3364,739.6568,-27.63396,121.6779,-27.60886,-389.1071
4242.622,14041.37,0,-712.9357,-230.8115,-25.88555,-162.957,-27.29723,-384.7428
4248.047,14626.08,0,-648.5378,1316.08,-20.38176,121.1577,-26.99588,-374.827
4253.472,19377.78,0,883.1877,853.8262,-23.56313,46.67485,-26.73358,-369.4633
4258.897,14571.07,0,792.9434,167.3025,-24.61045,12.60974,-27.18827,-364.8164
4264.323,12348.71,0,373.0288,-545.788,-25.16986,-58.25806,-27.00229,-361.398
4269.748,15461.78,0,-251.0492,-567.0754,-28.08065,-115.9463,-26.68522,-367.0735
4275.174,11225.12,0,57.16747,-125.8949,-38.14568,-66.2236,-26.11489,-363.1996
4280.599,12479.22,0,-569.7573,143.1039,-26.93258,166.5292,-25.98153,-351.6858
4286.024,15611.91,0,-871.3216,512.6545,-24.25047,151.3104,-26.19573,-361.4893
4291.45,11067.11,0,-460.7583,639.2288,-23.31801,128.958,-26.21726,-375.3817
4296.875,10449.05,0,41.00739,-501.6255,-26.32094,-88.08581,-25.825,-373.5503
4302.3,15037.33,0,515.703,310.701,-27.64939,32.29385,-25.6741,-373.9471
4307.726,13153.98,0,740.364,607.5023,-22.26372,42.17216,-26.17866,-371.9897
4313.151,18835.97,0,533.0839,455.2281,-28.33863,41.9205,-26.57903,-380.2593
4318.576,15484.89,0,678.1066,307.3925,-25.97349,25.57457,-26.59404,-383.4077
4324.002,15404.81,0,765.2004,510.8029,-24.03986,35.72309,-26.4538,-384.0614
4329.427,17557.38,0,430.8259,1054.591,-23.55785,71.30242,-26.41743,-383.7491
4334.853,20306.19,0,-397.156,1024.037,-25.51656,114.0296,-25.86089,-388.3642
4340.278,23810.49,0,260.9574,-385.7605,-34.07802,-56.86109,-26.29261,-387.8582
4345.703,18135.97,0,-1065.004,-269.1187,-24.85147,-166.6216,-26.69675,-392.3319
4351.128,12709.84,0,-1401.885,571.5776,-19.39661,160.1377,-27.09447,-395.7893
4356.554,11377.28,0,-884.9143,-146.405,-22.71668,-171.2898,-27.46799,-393.1904
4361.979,8300.302,0,-228.9082,75.44724,-30.97741,162.2648,-27.60224,-402.2527
4367.404,7025.433,0,-105.1886,-145.7571,-31.97102,-126.9879,-27.67039,-395.9666
4372.83,16118.59,0,556.2516,-686.4304,-24.92564,-53.50587,-27.59435,-393.1021
4378.255,23141.1,0,657.1554,-1616.357,-22.22473,-71.98691,-27.33075,-388.6583
4383.681,14006.41,0,-179.0434,-584.6618,-27.31685,-109.3865,-27.0743,-384.9735
4389.106,14519.25,0,-688.9413,-219.6759,-26.45829,-163.1422,-26.73875,-384.0412
4394.531,18481.45,0,-297.2905,15.01668,-35.99865,177.1542,-26.80495,-383.8199
4399.957,16695.08,0,211.2659,316.3604,-32.73756,57.36444,-26.29671,-389.3215
4405.382,10670.96,0,156.8956,225.1102,-31.66999,56.3511,-26.15971,-373.3793
4410.807,18908.04,0,305.7957,-197.8137,-34.16501,-33.50734,-26.70459,-374.6199
4416.232,11644.18,0,-331.1661,-138.1588,-30.46857,-158.0156,-26.77973,-372.5675
4421.658,7366.812,0,-511.8553,55.82903,-23.69497,174.1812,-26.6194,-372.5199
4427.083,17566.97,0,-134.207,804.2628,-26.74176,102.0751,-26.21857,-371.9939
4432.509,18895.72,0,-760.3382,1715.085,-20.4379,118.8956,-26.34978,-375.1374
4437.934,15306,0,-534.2549,1782.791,-18.65442,113.1036,-26.41415,-369.0969
4443.359,11075.92,0,218.0014,1626.044,-16.51124,90.8811,-26.17605,-361.9585
4448.785,12926.01,0,-264.6196,534.0884,-26.90679,118.6752,-26.84364,-357.7852
4454.21,22646.58,0,-1623.42,-232.6334,-23.4049,-172.3943,-26.95684,-364.7582
4459.635,17753.05,0,-1495.274,341.0862,-21.97451,168.1653,-26.55064,-366.6132
4465.061,14206.84,0,-283.1436,304.9265,-30.83904,134.0842,-26.1307,-362.8468
4470.486,10826.88,0,-396.403,-559.1006,-24.29469,-128.1886,-25.7361,-355.4105
4475.912,11442.65,0,-473.3429,148.8018,-27.61048,163.2642,-25.67395,-339.6199
4481.337,14950.3,0,-389.3694,-943.6587,-23.55363,-115.9421,-25.82661,-354.6572
4486.762,16250.96,0,-315.2603,-607.7513,-27.68089,-119.5183,-26.04349,-365.0144
4492.188,9194.437,0,361.7495,460.9419,-23.57655,54.86232,-26.35604,-371.7364
4497.613,10314.58,0,588.9844,457.318,-22.31684,40.51979,-27.19082,-373.342
4503.038,15460.5,0,37.83345,-140.9916,-40.47772,-75.50298,-28.11796,-385.3951
4508.463,23242.02,0,239.2738,140.2185,-38.37575,30.72028,-28.71676,-383.2453
4513.889,18172.17,0,1009.379,315.4916,-24.20733,18.41027,-29.39509,-375.567
4519.314,16262.14,0,-831.1991,910.3564,-22.85143,135.4462,-29.56333,-378.2114
4524.74,17266.98,0,-452.5979,779.6427,-25.87823,122.6553,-29.43134,-380.833
4530.165,12854.03,0,-460.5005,53.65384,-29.16342,173.5852,-29.5403,-370.674
4535.59,20489.1,0,-734.1649,-617.457,-26.90085,-141.6015,-29.98693,-386.2162
4541.016,21969.49,0,-246.2134,-552.9841,-31.29619,-115.4267,-30.39582,-388.0629
4546.441,9445.61,0,377.2913,-147.3676,-27.0015,-22.26632,-30.23367,-380.6901
4551.866,10887.29,0,33.53298,165.0464,-36.18481,79.38657,-30.50398,-386.9345
4557.292,16602.51,0,-254.5781,-82.94958,-35.98113,-162.2347,-30.73006,-392.8949
4562.717,13019.45,0,-133.9789,39.30566,-39.48152,163.821,-29.99772,-391.3595
4568.143,15747.04,0,200.0283,-38.90368,-37.64989,-11.14948,-29.09939,-394.2347
4573.568,17422.8,0,-318.7521,886.6951,-25.50736,112.6338,-28.87158,-394.3124
4578.993,12960.83,0,115.7424,494.4313,-28.06736,79.0291,-29.07063,-400.3844
4584.418,10611.54,0,64.69221,490.5794,-26.58278,85.15096,-29.26951,-408.5052
4589.844,21901.46,0,-300.0693,-92.40469,-36.98983,-163.1225,-29.0893,-423.9081
4595.269,27114.86,0,-616.6307,-299.3689,-32.14033,-154.7223,-28.99859,-425.212
4600.694,17337.41,0,842.3605,555.0953,-24.27578,35.31133,-28.68771,-425.9079
4606.12,14736.47,0,135.6565,-484.8416,-29.25299,-76.27051,-28.57726,-428.206
4611.545,18382.22,0,111.003,-803.2449,-27.06462,-84.64918,-27.81535,-431.6074
4616.971,9465.891,0,380.5519,-332.7073,-25.0985,-43.25966,-27.15563,-423.7796
4622.396,10707.63,0,924.0065,-469.0585,-19.51071,-29.6588,-26.6127,-430.1527
4627.821,12862.42,0,1202.991,326.2867,-19.42342,16.77821,-26.58629,-426.567
4633.247,27156.23,0,1147.431,153.0298,-27.03146,7.933671,-26.88987,-437.7144
4638.672,24608.23,0,520.4642,-549.8691,-30.05483,-47.88137,-26.66663,-441.0326
4644.097,16327.82,0,-783.6496,-484.9006,-25.37895,-149.8751,-26.62256,-438.3828
4649.522,12481.99,0,-727.8709,-150.3214,-24.99605,-168.9832,-26.63982,-425.2708
4654.948,15983.29,0,-581.8802,-760.7786,-24.76763,-130.04,-26.20144,-415.946
4660.373,8733.206,0,191.433,-460.7789,-24.68222,-70.52708,-26.35614,-425.576
4665.799,6097.704,0,539.7948,68.6755,-20.18459,7.958447,-26.13063,-429.9708
4671.224,5750.378,0,417.2275,14.5189,-22.127,2.148986,-26.36876,-421.727
4676.649,10836.05,0,361.7942,199.6738,-28.08006,29.98637,-26.17599,-412.9529
4682.075,17529.01,0,108.86,217.6985,-37.09534,64.14867,-26.27155,-406.0659
4687.5,15782.6,0,-204.8088,-351.8909,-31.8825,-121.4613,-26.49851,-400.0141
4692.925,11474.47,0,720.3488,110.9624,-23.37926,9.348162,-26.15195,-394.8157
4698.351,14250.42,0,-582.4552,509.3821,-25.65735,140.7958,-25.7881,-389.8586
4703.776,13282.44,0,-66.38604,168.4694,-37.35226,112.2302,-25.88954,-386.1278
4709.201,13848.08,0,732.4169,583.5828,-22.93438,41.0952,-25.95646,-381.3931
4714.627,15792.31,0,-672.8616,-163.4227,-27.52432,-166.9172,-26.9218,-381.3964
4720.052,14405.52,0,-888.8904,-191.4718,-24.51739,-168.5612,-26.87157,-385.1784
4725.478,15259.78,0,19.59845,379.5633,-32.06525,88.47089,-28.02939,-391.5031
4730.903,8917.828,0,-625.2639,571.5491,-21.05037,140.9972,-28.23353,-394.4665
4736.328,3902.051,0,-118.3445,317.2938,-21.51744,114.967,-28.09334,-399.2679
4741.753,6720.435,0,-342.2794,270.5919,-24.1897,143.8657,-27.38721,-408.532
4747.179,9513.48,0,-376.4626,950.2666,-19.75374,117.1001,-27.26199,-410.8685
4752.604,5083.904,0,223.1801,293.6093,-22.41394,56.2173,-27.14191,-418.4474
4758.029,11249.31,0,165.4076,-437.0251,-27.50906,-71.52701,-27.04213,-430.3131
4763.455,23451.79,0,430.3619,-1015.314,-26.40149,-69.5546,-26.93779,-438.8743
4768.88,19999.61,0,-72.01575,-86.24171,-45.03979,-130.1096,-27.08052,-433.2772
4774.306,11346.32,0,-671.2505,-420.3102,-23.62732,-149.9499,-27.34698,-426.715
4779.731,9348.045,0,-31.71313,-46.00939,-44.49879,-124.8586,-27.70887,-420.1137
4785.156,9580.991,0,238.3149,-377.9595,-26.41389,-60.08398,-27.47174,-426.7079
4790.582,8571.752,0,175.1022,-431.2518,-25.1362,-70.84138,-27.43741,-431.4617
4796.007,11906.78,0,-578.0859,-770.8778,-22.26669,-130.3997,-27.49343,-436.3695
4801.432,15450.65,0,-543.1542,-93.90933,-29.2528,-170.5272,-27.76551,-438.8935
4806.857,11695.37,0,-962.7471,-625.7001,-20.85756,-149.8096,-27.95424,-437.9954
4812.283,14552.66,0,-249.8284,-952.0739,-23.56202,-108.3833,-28.14791,-443.0923
4817.708,17554.4,0,120.7087,-279.404,-35.16105,-67.55277,-28.30806,-431.6628
4823.134,11972.84,0,-586.3499,242.5384,-25.93178,158.6343,-28.15113,-421.9286
4828.559,11918.98,0,226.8708,-123.225,-33.12003,-29.11245,-27.10626,-408.4453
4833.984,9357.044,0,198.0774,-110.8841,-32.11697,-29.93381,-27.13591,-396.419
4839.41,9983.38,0,286.469,-319.506,-27.0857,-50.00777,-26.54136,-395.608
4844.835,10892.21,0,771.4393,598.0748,-20.32934,41.16728,-26.55349,-397.0973
4850.26,10509.33,0,705.5827,138.3737,-22.69385,11.90425,-26.47456,-392.3492
4855.686,21190.43,0,11.49456,677.4783,-29.90336,90.86015,-26.42863,-387.548
4861.111,18334.94,0,-858.0228,912.4235,-23.71719,135.9618,-26.64365,-384.3685
4866.537,11775.46,0,357.0545,-407.4989,-26.48092,-50.81874,-26.49375,-384.6169
4871.962,14086.33,0,-405.6762,85.07407,-30.87222,168.4925,-26.76722,-372.6674
4877.387,15016.07,0,-736.4437,821.3612,-23.10594,134.8646,-26.12908,-366.7446
4882.813,12741.94,0,-832.406,459.4789,-23.09757,153.0405,-25.9219,-370.7226
4888.238,13287.66,0,-130.7882,813.7063,-24.24986,102.6014,-25.23501,-363.0529
4893.663,10838.98,0,-77.55511,-262.6647,-32.01316,-107.8282,-25.09415,-353.6461
4899.088,9488.718,0,9.987579,-440.2213,-26.66871,-91.3594,-25.82272,-351.8709
4904.514,12948.46,0,729.0304,373.3644,-23.47858,28.86885,-26.34363,-351.0343
4909.939,14892.68,0,1058.884,-546.7655,-21.30215,-29.57341,-26.89393,-343.6765
4915.365,17290.79,0,-77.73763,-347.3963,-33.76829,-103.7593,-26.45663,-350.9346
4920.79,8687.757,0,-1124.215,-611.3987,-17.7097,-155.0262,-26.57164,-360.4882
4926.215,16888.41,0,-464.2359,371.5211,-29.30488,142.5567,-26.42036,-359.3629
4931.641,18751.83,0,878.5142,1169.387,-21.76003,56.82724,-26.08924,-373.435
4937.066,12613.73,0,341.0923,967.8604,-21.581,75.09577,-25.7461,-384.1449
4942.491,14599.31,0,-1091.867,1470.306,-18.69548,131.9511,-25.53488,-397.939
4947.917,22881.77,0,-804.6042,183.3043,-29.15883,167.6094,-25.5984,-395.8892
4953.342,13308.08,0,97.94553,-21.95447,-42.38557,-12.72923,-25.07437,-397.6132
4958.768,14874.82,0,215.7642,337.6147,-31.26865,58.73735,-24.67902,-398.3471
4964.193,12579.94,0,-241.332,59.49841,-34.25015,166.4163,-24.56887,-391.2574
4969.618,9479.476,0,452.3549,-699.9337,-20.72009,-61.55978,-24.39732,-382.8928
4975.043,11629.69,0,262.2827,-496.6386,-26.13231,-64.66241,-23.68499,-371.6597
4980.469,16984.8,0,987.4687,-470.9984,-23.30401,-27.18643,-24.00476,-360.3283
4985.894,13741.32,0,-508.1519,-753.459,-23.91873,-127.0235,-23.59289,-362.9333
4991.319,9904.477,0,247.1048,-1548.521,-15.89988,-90.0431,-23.39842,-361.0097
4996.745,10610.27,0,-895.096,-1006.959,-18.66199,-136.6361,-23.36773,-362.8805
5002.17,9798.271,0,-434.7804,317.3746,-25.58389,145.6483,-23.62699,-373.6889
5007.596,10779.65,0,-800.3637,-652.5896,-21.00853,-144.0328,-23.25749,-383.4922
5013.021,12433.75,0,-266.599,-1520.609,-18.36629,-106.7718,-22.38717,-391.4432
5018.446,16393.66,0,-1569.317,67.47113,-21.1654,177.7534,-21.96145,-386.8019
5023.872,14849.23,0,-1690.686,1348.603,-17.69963,146.0832,-21.39569,-389.511
5029.297,13697.24,0,-1016.887,1355.765,-18.80932,132.136,-21.7515,-383.7212
5034.722,16953.93,0,183.1572,992.6652,-24.4248,82.9333,-21.82613,-379.3857
5040.147,11168.89,0,132.786,1019.111,-20.65565,87.85234,-21.761,-373.5749
5045.573,8697.065,0,5.743896,1145.549,-17.67614,97.22124,-21.43316,-361.5676
5050.998,14837.53,0,1040.043,675.5621,-20.93663,35.80893,-21.5739,-352.4225
5056.424,11558.09,0,-18.43323,-719.9009,-24.14003,-95.02518,-21.6729,-343.1893
5061.849,9725.46,0,631.4961,-449.3072,-21.39933,-38.26023,-21.68459,-345.8509
5067.274,11543.17,0,-767.0539,-4.301399,-24.10867,-179.6987,-22.08561,-330.6647
5072.7,11267.65,0,-834.5437,401.5696,-22.3286,156.2043,-22.39958,-317.8698
5078.125,15121.58,0,-311.1407,1136.189,-22.36926,109.5254,-22.79825,-331.6502
5083.55,13119.51,0,264.4368,425.3612,-28.19194,60.02695,-22.96888,-343.6654
5088.976,8191.03,0,294.0975,139.4673,-27.69974,26.38309,-23.23224,-340.8544
5094.401,13096.18,0,-4.571625,1051.66,-21.93623,94.83863,-23.25375,-343.9765
5099.826,15336.17,0,-1093.497,2057.116,-17.03416,125.1304,-23.3777,-352.4834
5105.252,20449.46,0,-226.8219,2363.388,-18.8553,102.0029,-23.7096,-362.9572
5110.677,18480.61,0,969.0909,1288.541,-20.74107,57.26215,-23.73601,-372.5525
5116.103,20225.24,0,57.08393,1030.62,-25.82937,89.75509,-23.92925,-364.7198
5121.528,21521.7,0,-748.8241,69.48676,-29.42982,174.8772,-24.46587,-358.9708
5126.953,16278.69,0,-917.9988,318.5914,-24.95964,161.922,-24.54732,-360.4469
5132.378,15696.72,0,-179.7968,-498.3248,-29.53766,-111.6374,-24.71424,-361.7104
5137.804,9998.876,0,-173.839,-863.4334,-21.28277,-106.2349,-25.06698,-374.2272
5143.229,8252.749,0,-520.9753,-109.6304,-24.33984,-168.8324,-25.88552,-377.5063
5148.654,13956.13,0,723.9785,213.6801,-24.87649,17.36897,-25.75268,-373.7416
5154.08,9193.054,0,34.57738,-629.8967,-23.25851,-90.79244,-25.78626,-373.2123
5159.505,12253.57,0,-368.0571,-642.2437,-24.64618,-122.7291,-26.0216,-375.7512
5164.931,12705.72,0,-1121.998,-313.4014,-21.49112,-165.692,-26.26861,-379.9782
5170.356,15988.31,0,235.7058,566.2787,-28.19814,69.45994,-26.55065,-382.5767
5175.781,16850.84,0,60.08292,385.9846,-32.66832,82.46914,-26.39511,-387.1363
5181.207,15592.58,0,-705.5355,445.3719,-25.81904,149.303,-26.3025,-403.748
5186.632,17174.99,0,-549.7074,720.4495,-25.83412,129.6714,-26.16137,-406.5934
5192.057,16557.3,0,-490.5504,-255.7078,-29.77678,-153.3278,-26.16127,-399.1491
5197.482,12810.8,0,67.77715,-10.4762,-45.38124,-8.833678,-27.03357,-388.7411
5202.908,10133.48,0,-123.9206,570.4077,-24.91016,105.4399,-27.07088,-378.3176
5208.333,11349.16,0,-174.5191,834.3779,-22.64132,105.955,-26.88158,-378.5856
5213.759,14356.92,0,424.1997,1028.735,-21.97628,71.81397,-26.78265,-378.5499
5219.184,14568.74,0,841.6569,185.9498,-24.04268,13.23449,-26.93375,-380.2266
5224.609,12431.37,0,551.0572,24.77786,-26.66387,2.694024,-26.93491,-366.8416
5230.035,13730.84,0,947.223,-92.54489,-22.563,-5.994936,-26.77179,-365.44
5235.46,14143.55,0,-619.8978,-68.39104,-27.4849,-173.9697,-26.49262,-375.7829
5240.885,15907.22,0,-170.6345,1270.282,-21.99592,102.1681,-26.85058,-385.2708
5246.311,12989.46,0,307.5707,290.6498,-29.53556,44.6927,-26.90419,-392.6022
5251.736,17910.52,0,-69.84341,174.8276,-39.6011,112.3337,-26.74574,-383.8748
5257.162,13099.51,0,471.4677,518.3483,-25.12351,50.06219,-25.9624,-379.3281
5262.587,5655.558,0,460.1551,87.56688,-20.90104,11.74009,-25.95326,-392.0572
5268.012,10662.03,0,79.96394,-923.746,-21.18091,-90.04144,-25.93618,-389.3433
5273.438,17003.92,0,-661.1979,-280.2291,-27.81936,-157.9406,-26.44673,-393.6185
5278.863,18471.54,0,-572.1222,1498.957,-21.51542,115.3914,-26.23309,-399.687
5284.288,20314.82,0,-115.3147,1175.654,-24.77261,98.89543,-25.98977,-405.7354
5289.713,13025.64,0,-417.5551,-450.718,-26.80577,-134.733,-26.00471,-412.1676
5295.139,10547.19,0,146.9408,-169.0972,-33.33624,-49.94175,-25.99357,-411.6211
5300.564,18731.25,0,741.7189,-319.0019,-26.95989,-24.28769,-26.2541,-413.8841
5305.99,16755.73,0,671.9745,366.9766,-26.44939,29.94677,-26.52777,-421.4673
5311.415,13577,0,45.51659,482.1087,-28.93098,86.64712,-26.17296,-435.1436
5316.84,9948.703,0,-577.4545,-201.3784,-24.71819,-161.8706,-26.82708,-444.1059
5322.266,4767.767,0,-375.2323,125.1721,-22.28266,162.9462,-26.98979,-447.4363
5327.691,10837.89,0,234.3379,-74.17146,-32.69775,-17.96414,-27.23918,-435.9421
5333.116,13164.69,0,-456.5755,-1366.429,-19.55642,-114.2049,-26.93121,-436.7433
5338.542,16448.82,0,-723.6893,-1244.581,-21.55405,-124.3221,-27.05166,-433.6901
5343.967,16708.74,0,-948.2792,-843.7979,-22.87668,-141.0727,-27.22847,-431.3462
5349.393,14555.47,0,-625.5831,-206.7444,-27.25097,-162.4924,-26.8263,-421.5255
5354.818,12396.48,0,310.1016,407.2794,-27.46718,54.64442,-26.16971,-414.3672
5360.243,9214.5,0,-64.08025,-146.3194,-35.28264,-114.5544,-26.01915,-411.7233
5365.668,9747.994,0,-245.6941,-22.62108,-32.14998,-174.8693,-25.75274,-414.1252
5371.094,11816.03,0,-100.5102,-91.44005,-38.8601,-138.145,-25.67044,-418.9377
5376.519,12844.58,0,430.0999,-621.8453,-24.31794,-58.19785,-25.55692,-403.3305
5381.944,8186.738,0,-353.2352,204.2115,-26.41806,151.3369,-25.43848,-419.3845
5387.37,14214.51,0,-1323.205,-132.6088,-21.35212,-174.766,-25.29301,-418.9531
5392.795,12253.98,0,-820.676,7.499878,-24.04481,179.5093,-25.33319,-420.8626
5398.221,7407.885,0,-241.398,157.1216,-28.48555,148.1174,-25.55281,-407.1639
5403.646,7649.337,0,370.8863,802.8828,-18.36025,71.50056,-25.83532,-395.4425
5409.071,7324.833,0,-59.39137,779.9365,-19.54798,100.384,-26.03948,-384.4238
5414.497,8321.495,0,443.3995,250.0077,-23.79801,31.23382,-26.0006,-379.8746
5419.922,6617.382,0,523.0144,-178.2189,-20.85493,-20.49175,-25.56096,-382.9853
5425.347,9189.471,0,373.5982,-91.89388,-27.20257,-14.41592,-25.7084,-381.9438
5430.772,14471.65,0,-1152.255,314.6321,-22.33428,165.8809,-24.89541,-373.7794
5436.198,15463.62,0,-1751.405,-198.7686,-19.79542,-174.1867,-24.67598,-373.636
5441.623,9062.622,0,285.9247,-43.34979,-29.643,-8.904101,-24.68026,-382.7411
5447.049,6489.72,0,-596.5076,-321.049,-20.40009,-154.3043,-24.89479,-375.1318
5452.474,14368.53,0,-707.0457,222.8781,-26.16605,163.3509,-24.71788,-385.669
5457.899,19123.14,0,-158.0253,681.6533,-28.80947,105.0769,-24.455,-393.1618
5463.325,15538.73,0,156.0014,376.5743,-31.5384,68.89985,-25.30656,-393.0061
5468.75,14792.75,0,-612.9251,371.2464,-26.65072,150.1773,-25.89883,-402.2789
5474.175,12044.29,0,-631.6345,-1.410965,-26.05025,-179.8784,-25.95552,-400.3235
5479.601,11596.7,0,-180.6515,-93.87936,-35.24616,-152.9971,-26.7691,-394.696
5485.026,10861.12,0,709.6007,424.8752,-21.78733,33.3078,-27.03349,-390.0748
5490.451,11637.87,0,718.8416,-875.2552,-19.70989,-55.1869,-27.45664,-400.9259
5495.877,11978.52,0,429.2533,-337.7332,-26.50795,-39.87041,-27.6859,-399.489
5501.302,11261.68,0,529.9849,-134.6195,-25.85724,-14.97077,-27.96634,-167.6874
5506.728,14469.71,0,1017.523,-804.9797,-20.32965,-41.77262,-28.02264,-160.8522
5512.153,8720.571,0,572.6455,-86.81093,-22.96504,-9.230618,-27.87972,-148.9043
5517.578,9377.909,0,39.86503,138.3,-36.24299,74.76886,-27.4538,-146.2069
5523.003,12765.87,0,-16.30263,-321.2925,-31.98566,-94.34462,-28.67292,-138.0737
5528.429,6797.478,0,132.9561,351.4819,-24.98858,72.29866,-29.22632,-162.6633
5533.854,8881.016,0,-13.67425,111.9304,-37.94001,97.68614,-31.39175,-201.8523
5539.279,21782.19,0,75.41435,494.2744,-32.75485,82.62937,-30.30272,-206.6781
5544.705,21981.41,0,292.4483,-519.4779,-31.22029,-61.99402,-29.52834,-161.1251
5550.13,13339.73,0,-648.1495,-507.6247,-24.60986,-144.0107,-24.60986,-144.0107
